978	0
979	0
980	0
981	0
982	0
983	0
984	0
985	0
986	0
987	0
988	0
989	0
990	0
991	0
992	0
993	0
994	0
995	0
996	0
997	0
998	0
999	0
1000	0
1001	0
1002	-2.63247652328037
1003	-3.64300376063544
1004	-2.38329540373419
1005	-3.97712446680154
1006	-8.70679277194838
1007	-8.70679277194838
1008	0
1009	0
1010	3.83250412571697
1011	3.11447424198225
1012	0
1013	0
1014	0
1015	0
1016	0
1017	0
1018	0
1019	0
1020	0
1021	0
1022	0
1023	0
1024	0
1025	0
1026	0
1027	0
1028	0
1029	0
1030	0
1031	0
1032	0
1033	0
1034	0
1035	0
1036	0
1037	0
1038	0
1039	3.41851549944541
1040	3.6275146236851
1041	3.40162177802659
1042	3.04462871828641
1043	2.80874944693309
1044	0
1045	0
1046	0
1047	0
1048	0
1049	-2.04827853843177
1050	0
1051	-2.60687668859635
1052	-2.13010202951915
1053	-2.44574157576956
1054	-2.47572233783655
1055	0
1056	0
1057	0
1058	0
1059	0
1060	0
1061	0
1062	0
1063	-2.25321223251692
1064	-2.4963088223017
1065	0
1066	0
1067	0
1068	0
1069	0
1070	0
1071	0
1072	0
1073	-2.72480832651474
1074	0
1075	0
1076	0
1077	0
1078	0
1079	2.26939737232002
1080	2.27808136700198
1081	2.51481165248747
1082	2.50068343528519
1083	2.37619003199747
1084	2.12759113648346
1085	2.73544177876983
1086	3.6803389277577
1087	4.56834593279427
1088	2.02224262302808
1089	0
1090	0
1091	0
1092	0
1093	0
1094	0
1095	0
1096	0
1097	0
1098	0
1099	0
1100	0
1101	0
1102	0
1103	0
1104	0
1105	0
1106	0
1107	0
1108	0
1109	0
1110	0
1111	0
1112	0
1113	0
1114	0
1115	0
1116	0
1117	0
1118	0
1119	0
1120	0
1121	0
1122	0
1123	0
1124	0
1125	0
1126	0
1127	0
1128	0
1129	0
1130	0
1131	0
1132	0
1133	0
1134	0
1135	0
1136	0
1137	0
1138	0
1139	0
1140	-2.90273552267124
1141	-2.91454541199689
1142	-2.5187693008328
1143	-2.7343674355596
1144	-2.75412136605036
1145	-2.40323632790469
1146	-2.40798755284057
1147	0
1148	0
1149	0
1150	0
1151	0
1152	0
1153	0
1154	0
1155	0
1156	0
1157	-2.41362130755096
1158	-2.06812973118365
1159	-2.77732661149558
1160	0
1161	0
1162	0
1163	0
1164	0
1165	0
1166	0
1167	0
1168	0
1169	0
1170	0
1171	0
1172	0
1173	0
1174	0
1175	0
1176	0
1177	0
1178	0
1179	0
1180	0
1181	0
1182	0
1183	0
1184	0
1185	0
1186	0
1187	0
1188	0
1189	0
1190	0
1191	0
1192	0
1193	0
1194	0
1195	0
1196	3.62754802603716
1197	3.69141342669418
1198	0
1199	0
1200	2.01726850609803
1201	0
1202	0
1203	3.04830716932818
1204	0
1205	0
1206	0
1207	0
1208	0
1209	0
1210	-2.10992421505535
1211	-2.08741196169959
1212	-2.08741196169959
1213	0
1214	0
1215	0
1216	0
1217	0
1218	0
1219	0
1220	0
1221	0
1222	0
1223	0
1224	0
1225	0
1226	0
1227	0
1228	0
1229	0
1230	0
1231	0
1232	0
1233	0
1234	0
1235	0
1236	0
1237	0
1238	0
1239	0
1240	0
1241	0
1242	0
1243	0
1244	0
1245	0
1246	0
1247	0
1248	0
1249	0
1250	0
1251	0
1252	0
1253	0
1254	0
1255	0
1256	0
1257	4.5656036004003
1258	4.93830532401088
1259	4.93830532401088
1260	4.93830532401088
1261	4.93830532401088
1262	0
1263	0
1264	0
1265	0
1266	0
1267	0
1268	0
1269	0
1270	0
1271	0
1272	0
1273	0
1274	0
1275	0
1276	0
