978	0
979	0
980	0
981	0
982	0
983	0
984	0
985	0
986	0
987	0
988	0
989	0
990	0
991	0
992	0
993	0
994	0
995	0
996	0
997	0
998	0
999	0
1000	0
1001	0
1002	0
1003	-7.93887573536218
1004	-2.40206479983601
1005	-7.94809299305612
1006	-3.85576113973619
1007	-3.85576113973619
1008	-3.07753793666658
1009	-2.22896220835142
1010	-2.27187948182851
1011	-2.01186663901494
1012	0
1013	0
1014	0
1015	0
1016	0
1017	0
1018	0
1019	0
1020	0
1021	0
1022	0
1023	0
1024	0
1025	0
1026	0
1027	0
1028	0
1029	0
1030	0
1031	0
1032	0
1033	0
1034	0
1035	0
1036	0
1037	0
1038	0
1039	-4.5479578806136
1040	-2.46597762554939
1041	-2.31739500816963
1042	0
1043	-2.09275008501769
1044	0
1045	0
1046	0
1047	0
1048	0
1049	0
1050	0
1051	0
1052	0
1053	0
1054	0
1055	0
1056	0
1057	0
1058	0
1059	0
1060	0
1061	0
1062	0
1063	0
1064	0
1065	0
1066	0
1067	0
1068	0
1069	0
1070	0
1071	0
1072	0
1073	0
1074	0
1075	0
1076	0
1077	4.86313603423269
1078	4.77875800899347
1079	6.46453334453411
1080	10.1613622857306
1081	10.0630880719478
1082	10.0028113078905
1083	7.12203037258331
1084	5.68205575766785
1085	7.98870055850499
1086	7.84559937876766
1087	7.89836958103638
1088	4.5026020402544
1089	0
1090	0
1091	0
1092	0
1093	0
1094	0
1095	0
1096	0
1097	0
1098	2.30621892119973
1099	2.31357311731996
1100	2.54785475752468
1101	2.49066765109073
1102	2.49066765109073
1103	2.49066765109073
1104	2.49853277752262
1105	2.41390224634577
1106	2.41390224634577
1107	2.7112902331716
1108	2.7112902331716
1109	2.31068797732209
1110	0
1111	0
1112	0
1113	0
1114	2.20210519950219
1115	2.16387901333617
1116	0
1117	2.04614346862951
1118	0
1119	0
1120	0
1121	0
1122	0
1123	0
1124	-2.41872507972532
1125	0
1126	0
1127	-2.08443044901495
1128	0
1129	0
1130	0
1131	0
1132	0
1133	0
1134	0
1135	0
1136	0
1137	0
1138	0
1139	0
1140	0
1141	0
1142	0
1143	0
1144	0
1145	0
1146	0
1147	0
1148	0
1149	0
1150	0
1151	0
1152	0
1153	0
1154	0
1155	0
1156	0
1157	0
1158	0
1159	0
1160	0
1161	0
1162	0
1163	0
1164	0
1165	0
1166	0
1167	0
1168	0
1169	0
1170	0
1171	0
1172	0
1173	0
1174	0
1175	0
1176	0
1177	0
1178	0
1179	0
1180	2.74477827796918
1181	2.74477827796918
1182	0
1183	0
1184	0
1185	0
1186	0
1187	0
1188	0
1189	0
1190	0
1191	0
1192	0
1193	0
1194	0
1195	0
1196	6.41988119136109
1197	7.07100062368383
1198	3.24657142688061
1199	3.21340280930931
1200	3.37969423708439
1201	3.27830245164752
1202	2.16435804609481
1203	7.43222069344581
1204	2.56758596022398
1205	0
1206	0
1207	0
1208	0
1209	0
1210	0
1211	0
1212	0
1213	0
1214	0
1215	0
1216	0
1217	0
1218	0
1219	0
1220	0
1221	0
1222	0
1223	0
1224	0
1225	0
1226	0
1227	0
1228	0
1229	0
1230	0
1231	0
1232	0
1233	0
1234	0
1235	0
1236	0
1237	0
1238	0
1239	0
1240	0
1241	0
1242	0
1243	0
1244	0
1245	0
1246	0
1247	0
1248	0
1249	0
1250	0
1251	0
1252	0
1253	0
1254	0
1255	0
1256	0
1257	4.06903050013437
1258	4.72915558863896
1259	4.72915558863896
1260	4.72915558863896
1261	4.72915558863896
1262	0
1263	0
1264	0
1265	0
1266	0
1267	0
1268	0
1269	0
1270	0
1271	0
1272	0
1273	0
1274	0
1275	0
1276	0
