978	0
979	0
980	0
981	0
982	0
983	0
984	0
985	0
986	0
987	0
988	0
989	0
990	0
991	0
992	0
993	0
994	0
995	0
996	0
997	0
998	0
999	0
1000	0
1001	0
1002	0
1003	-4.83639097385731
1004	-2.86811193374399
1005	-5.51888685433379
1006	-4.21499487694144
1007	-4.21499487694144
1008	-4.30659759735823
1009	-3.09319090160505
1010	-3.15655658419361
1011	-2.69648673090586
1012	0
1013	0
1014	0
1015	0
1016	0
1017	0
1018	0
1019	0
1020	0
1021	0
1022	0
1023	0
1024	0
1025	0
1026	0
1027	-2.22625530251538
1028	0
1029	0
1030	0
1031	0
1032	0
1033	0
1034	0
1035	0
1036	0
1037	0
1038	-2.95073549822214
1039	-7.57434173063527
1040	-4.65992892333477
1041	-4.31184286921152
1042	-3.40518631580827
1043	-3.74143722500519
1044	0
1045	0
1046	0
1047	0
1048	0
1049	0
1050	0
1051	0
1052	0
1053	0
1054	0
1055	0
1056	0
1057	0
1058	0
1059	0
1060	0
1061	0
1062	0
1063	0
1064	0
1065	0
1066	0
1067	0
1068	0
1069	0
1070	0
1071	0
1072	0
1073	0
1074	0
1075	0
1076	0
1077	5.34690303914479
1078	5.68305759471227
1079	5.05236021629502
1080	13.5122766006041
1081	12.1439639642754
1082	19.1527171737296
1083	9.38863262005425
1084	7.33525694936623
1085	13.4901481508433
1086	13.4900930603554
1087	7.96090926794257
1088	3.94510884425254
1089	0
1090	0
1091	0
1092	0
1093	0
1094	0
1095	0
1096	0
1097	0
1098	0
1099	0
1100	2.13368635470562
1101	2.10130732708155
1102	2.10130732708155
1103	2.10130732708155
1104	2.14431517723884
1105	2.11796888239399
1106	2.11796888239399
1107	2.40122201472397
1108	2.40122201472397
1109	2.01968931628124
1110	0
1111	0
1112	0
1113	0
1114	2.17026587005116
1115	2.14224145063935
1116	0
1117	2.05073009133593
1118	0
1119	0
1120	0
1121	0
1122	0
1123	0
1124	-2.07103378620584
1125	0
1126	0
1127	-2.03262009609863
1128	0
1129	0
1130	0
1131	0
1132	0
1133	0
1134	0
1135	0
1136	0
1137	0
1138	0
1139	0
1140	0
1141	0
1142	0
1143	0
1144	0
1145	0
1146	0
1147	0
1148	0
1149	0
1150	0
1151	0
1152	0
1153	0
1154	0
1155	0
1156	0
1157	0
1158	0
1159	0
1160	0
1161	0
1162	0
1163	0
1164	0
1165	0
1166	0
1167	0
1168	0
1169	0
1170	0
1171	0
1172	0
1173	0
1174	0
1175	0
1176	0
1177	0
1178	0
1179	0
1180	3.34529637696067
1181	3.34529637696067
1182	0
1183	0
1184	0
1185	0
1186	0
1187	0
1188	0
1189	0
1190	0
1191	0
1192	0
1193	0
1194	0
1195	0
1196	5.78851896340166
1197	5.97486872332191
1198	2.61833851198271
1199	2.57413057160161
1200	2.80587396524264
1201	2.76884612938516
1202	0
1203	6.09820366115217
1204	2.56672436614809
1205	0
1206	0
1207	0
1208	0
1209	0
1210	0
1211	0
1212	0
1213	0
1214	0
1215	0
1216	0
1217	0
1218	0
1219	0
1220	0
1221	0
1222	0
1223	0
1224	0
1225	0
1226	0
1227	0
1228	0
1229	0
1230	0
1231	0
1232	0
1233	0
1234	0
1235	0
1236	0
1237	0
1238	0
1239	0
1240	0
1241	0
1242	0
1243	0
1244	0
1245	0
1246	0
1247	0
1248	0
1249	0
1250	0
1251	0
1252	0
1253	0
1254	0
1255	0
1256	0
1257	4.55726632090006
1258	5.22603296198417
1259	5.22603296198417
1260	5.22603296198417
1261	5.22603296198417
1262	0
1263	0
1264	0
1265	0
1266	0
1267	0
1268	0
1269	0
1270	0
1271	0
1272	0
1273	0
1274	0
1275	0
1276	0
