978	0
979	0
980	0
981	0
982	0
983	0
984	0
985	0
986	0
987	0
988	0
989	0
990	0
991	0
992	0
993	0
994	0
995	0
996	0
997	0
998	0
999	0
1000	0
1001	0
1002	0
1003	-3.24769014642004
1004	-2.25474985644069
1005	-3.84934632071549
1006	-3.6940199897321
1007	-3.6940199897321
1008	-3.22556225979656
1009	-2.02108418822029
1010	0
1011	0
1012	0
1013	0
1014	0
1015	0
1016	0
1017	0
1018	0
1019	0
1020	0
1021	0
1022	0
1023	0
1024	0
1025	0
1026	0
1027	0
1028	0
1029	0
1030	0
1031	0
1032	0
1033	0
1034	0
1035	0
1036	0
1037	0
1038	0
1039	-5.2921316650188
1040	-6.87753673640881
1041	-5.88879763371521
1042	-4.64954293500331
1043	-4.45000086343197
1044	0
1045	-2.05722917462425
1046	-2.03503080094655
1047	-2.09859691088198
1048	-2.43718198565888
1049	-3.08446666800064
1050	-3.44088442969072
1051	-4.64064093890446
1052	-2.30728275361139
1053	-3.2622636000587
1054	-3.00534422119097
1055	0
1056	0
1057	0
1058	0
1059	0
1060	0
1061	0
1062	0
1063	0
1064	0
1065	0
1066	0
1067	0
1068	0
1069	0
1070	0
1071	0
1072	0
1073	-2.25838721661246
1074	0
1075	0
1076	0
1077	2.43675615609981
1078	3.19146150333266
1079	3.5901793610929
1080	5.19965651561155
1081	5.64323876305376
1082	4.50434050333983
1083	3.80936502687837
1084	3.30020454164089
1085	4.44354332669845
1086	4.70612475166164
1087	4.33506035918308
1088	2.67717751072404
1089	0
1090	0
1091	0
1092	0
1093	0
1094	0
1095	0
1096	0
1097	0
1098	0
1099	0
1100	0
1101	0
1102	0
1103	0
1104	0
1105	0
1106	0
1107	0
1108	0
1109	0
1110	0
1111	0
1112	0
1113	0
1114	2.00602557725894
1115	0
1116	0
1117	2.19726080140459
1118	0
1119	0
1120	0
1121	0
1122	0
1123	0
1124	0
1125	0
1126	0
1127	0
1128	0
1129	0
1130	0
1131	0
1132	0
1133	0
1134	0
1135	0
1136	0
1137	0
1138	0
1139	0
1140	0
1141	0
1142	0
1143	0
1144	0
1145	0
1146	0
1147	0
1148	0
1149	0
1150	0
1151	0
1152	0
1153	0
1154	0
1155	0
1156	0
1157	0
1158	0
1159	0
1160	0
1161	0
1162	0
1163	0
1164	0
1165	0
1166	0
1167	0
1168	0
1169	0
1170	0
1171	0
1172	0
1173	0
1174	0
1175	0
1176	0
1177	0
1178	0
1179	2.12726393795308
1180	4.71735967505269
1181	4.71735967505269
1182	3.43396996878484
1183	2.94540431031348
1184	0
1185	0
1186	0
1187	0
1188	0
1189	0
1190	0
1191	0
1192	0
1193	0
1194	0
1195	0
1196	7.31636386316168
1197	7.11585492668559
1198	2.4810028352912
1199	2.39222984742163
1200	2.70764218573662
1201	2.69032988217982
1202	0
1203	4.45913284044884
1204	2.35726474444309
1205	0
1206	0
1207	0
1208	0
1209	0
1210	-2.06994335065679
1211	0
1212	0
1213	0
1214	0
1215	0
1216	0
1217	0
1218	0
1219	0
1220	0
1221	0
1222	0
1223	0
1224	0
1225	0
1226	0
1227	0
1228	0
1229	0
1230	0
1231	0
1232	0
1233	0
1234	0
1235	0
1236	0
1237	0
1238	0
1239	0
1240	0
1241	0
1242	0
1243	0
1244	0
1245	0
1246	0
1247	0
1248	0
1249	0
1250	0
1251	0
1252	0
1253	0
1254	0
1255	0
1256	0
1257	5.12636972534839
1258	5.50236504121403
1259	5.50236504121403
1260	5.50236504121403
1261	5.50236504121403
1262	0
1263	0
1264	0
1265	0
1266	0
1267	0
1268	0
1269	0
1270	0
1271	0
1272	0
1273	0
1274	0
1275	0
1276	0
