978	0
979	0
980	0
981	0
982	0
983	0
984	0
985	0
986	0
987	0
988	0
989	0
990	0
991	0
992	0
993	0
994	0
995	0
996	0
997	0
998	0
999	0
1000	0
1001	0
1002	-0.526495304656074
1003	-5.30807281009469
1004	-2.45589874647631
1005	-5.51454779966179
1006	-5.31048422888247
1007	-5.31048422888247
1008	-2.12193955876427
1009	-1.46864745963535
1010	0.349078785847711
1011	0.235629104770753
1012	0
1013	0
1014	0
1015	0
1016	0
1017	0
1018	0
1019	0
1020	0
1021	0
1022	0
1023	0
1024	0
1025	0
1026	0
1027	-0.445251060503075
1028	0
1029	0
1030	0
1031	0
1032	0
1033	0
1034	0
1035	0
1036	0
1037	0
1038	-0.590147099644427
1039	-2.26060273206487
1040	-1.46020515113861
1041	-1.23011833621098
1042	-0.445620256383041
1043	-0.994276618092966
1044	0
1045	-0.41144583492485
1046	-0.407006160189309
1047	-0.419719382176396
1048	-0.487436397131777
1049	-1.67356927791291
1050	-1.22960563068678
1051	-2.462804658613
1052	-1.60900380642848
1053	-2.05754234051316
1054	-1.95337376569926
1055	0
1056	0
1057	0
1058	0
1059	0
1060	0
1061	0
1062	0
1063	-0.450642446503385
1064	-0.49926176446034
1065	0
1066	0
1067	0
1068	0
1069	0
1070	0
1071	0
1072	0
1073	-1.48303541624906
1074	0
1075	0
1076	0
1077	2.52935904589546
1078	3.14047584970197
1079	4.00893633295284
1080	6.78070645095544
1081	6.67423356890319
1082	7.7882095684675
1083	5.05212654843087
1084	4.15014176603022
1085	6.31153742030119
1086	6.64058202646391
1087	5.81444564433555
1088	3.15841892890369
1089	0
1090	0
1091	0
1092	0
1093	0
1094	0
1095	0
1096	0
1097	0
1098	0.461243784239946
1099	0.462714623463993
1100	0.93630822244606
1101	0.918394995634457
1102	0.918394995634457
1103	0.918394995634457
1104	0.928569590952292
1105	0.906374225747952
1106	0.906374225747952
1107	1.02250244957912
1108	1.02250244957912
1109	0.866075458720667
1110	0
1111	0
1112	0
1113	0
1114	1.27567932936246
1115	1.26139740757122
1116	0
1117	1.68325780110184
1118	0
1119	0
1120	0
1121	0
1122	0
1123	0
1124	-0.897951773186232
1125	0
1126	0
1127	-0.823410109022715
1128	0
1129	0
1130	0
1131	0
1132	0
1133	0
1134	0
1135	0
1136	0
1137	0
1138	0
1139	0
1140	-1.07728450631304
1141	-1.07976958696172
1142	-0.933463687309559
1143	-1.00163891764402
1144	-1.00765472102352
1145	-0.893214788201855
1146	-0.894708835343279
1147	0
1148	0
1149	0
1150	0
1151	0
1152	0
1153	0
1154	0
1155	0
1156	0
1157	-0.482724261510193
1158	-0.413625946236731
1159	-0.555465322299115
1160	0
1161	0
1162	0
1163	0
1164	0
1165	0
1166	0
1167	0
1168	0
1169	0
1170	0
1171	0
1172	0
1173	0
1174	0
1175	0
1176	0
1177	0
1178	0
1179	0.425452787590616
1180	2.16148686599651
1181	2.16148686599651
1182	0.686793993756968
1183	0.589080862062697
1184	0
1185	0
1186	0
1187	0
1188	0
1189	0
1190	0
1191	0
1192	0
1193	0
1194	0
1195	0
1196	5.68870430666848
1197	5.778747715286
1198	1.6691825548309
1199	1.63595264566651
1200	2.59179090827431
1201	2.1511092103902
1202	0.432871609218961
1203	4.98380493374233
1204	1.95362929636618
1205	0
1206	0
1207	0
1208	0
1209	0
1210	-0.835973513142429
1211	-0.417482392339917
1212	-0.417482392339917
1213	0
1214	0
1215	0
1216	0
1217	0
1218	0
1219	0
1220	0
1221	0
1222	0
1223	0
1224	0
1225	0
1226	0
1227	0
1228	0
1229	0
1230	0
1231	0
1232	0
1233	0
1234	0
1235	0
1236	0
1237	0
1238	0
1239	0
1240	0
1241	0
1242	0
1243	0
1244	0
1245	0
1246	0
1247	0
1248	0
1249	0
1250	0
1251	0
1252	0
1253	0
1254	0
1255	0
1256	0
1257	4.5000132754183
1258	5.05012621055096
1259	5.05012621055096
1260	5.05012621055096
1261	5.05012621055096
1262	0
1263	0
1264	0
1265	0
1266	0
1267	0
1268	0
1269	0
1270	0
1271	0
1272	0
1273	0
1274	0
1275	0
1276	0
