978	0
979	0
980	0
981	0
982	0
983	0
984	0
985	0
986	0
987	0
988	0
989	0
990	0
991	0
992	0
993	0
994	0
995	0
996	0
997	0
998	0
999	0
1000	0
1001	0
1002	0
1003	-6.87440343419849
1004	-2.3712717386267
1005	-6.27928836340199
1006	-6.08085236605427
1007	-6.08085236605427
1008	0
1009	0
1010	3.34132586954372
1011	2.77202465179232
1012	0
1013	0
1014	0
1015	0
1016	0
1017	0
1018	0
1019	0
1020	0
1021	0
1022	0
1023	0
1024	0
1025	0
1026	0
1027	0
1028	0
1029	0
1030	0
1031	0
1032	0
1033	0
1034	0
1035	0
1036	0
1037	0
1038	0
1039	2.69290211649791
1040	3.07490290591483
1041	2.96582205201484
1042	2.78199925060996
1043	2.50405563605694
1044	0
1045	0
1046	0
1047	0
1048	0
1049	-3.23510118313216
1050	-2.70714372374318
1051	-5.06650566556419
1052	-3.60763424901184
1053	-4.57970652673755
1054	-4.28580226946879
1055	0
1056	0
1057	0
1058	0
1059	0
1060	0
1061	0
1062	0
1063	0
1064	0
1065	0
1066	0
1067	0
1068	0
1069	0
1070	0
1071	0
1072	0
1073	-2.43198153811809
1074	0
1075	0
1076	0
1077	0
1078	2.04910214147146
1079	2.66821137052215
1080	2.75215548582896
1081	3.00606539275154
1082	2.78049542209245
1083	2.56441469064097
1084	2.30560044499268
1085	2.89985328668936
1086	3.48075401377711
1087	4.30954308072142
1088	2.64496362625936
1089	0
1090	0
1091	0
1092	0
1093	0
1094	0
1095	0
1096	0
1097	0
1098	0
1099	0
1100	0
1101	0
1102	0
1103	0
1104	0
1105	0
1106	0
1107	0
1108	0
1109	0
1110	0
1111	0
1112	0
1113	0
1114	0
1115	2.00086657388059
1116	0
1117	2.12215464413918
1118	0
1119	0
1120	0
1121	0
1122	0
1123	0
1124	0
1125	0
1126	0
1127	0
1128	0
1129	0
1130	0
1131	0
1132	0
1133	0
1134	0
1135	0
1136	0
1137	0
1138	0
1139	0
1140	-2.48368700889394
1141	-2.4843025228117
1142	-2.14854913571499
1143	-2.27382715266048
1144	-2.28415223906726
1145	-2.06283761310458
1146	-2.06555662387582
1147	0
1148	0
1149	0
1150	0
1151	0
1152	0
1153	0
1154	0
1155	0
1156	0
1157	0
1158	0
1159	0
1160	0
1161	0
1162	0
1163	0
1164	0
1165	0
1166	0
1167	0
1168	0
1169	0
1170	0
1171	0
1172	0
1173	0
1174	0
1175	0
1176	0
1177	0
1178	0
1179	0
1180	0
1181	0
1182	0
1183	0
1184	0
1185	0
1186	0
1187	0
1188	0
1189	0
1190	0
1191	0
1192	0
1193	0
1194	0
1195	0
1196	5.29120948938082
1197	5.0406008760445
1198	0
1199	0
1200	2.04847564720986
1201	2.01806758873848
1202	0
1203	3.88116030433667
1204	2.27657141101575
1205	0
1206	0
1207	0
1208	0
1209	0
1210	0
1211	0
1212	0
1213	0
1214	0
1215	0
1216	0
1217	0
1218	0
1219	0
1220	0
1221	0
1222	0
1223	0
1224	0
1225	0
1226	0
1227	0
1228	0
1229	0
1230	0
1231	0
1232	0
1233	0
1234	0
1235	0
1236	0
1237	0
1238	0
1239	0
1240	0
1241	0
1242	0
1243	0
1244	0
1245	0
1246	0
1247	0
1248	0
1249	0
1250	0
1251	0
1252	0
1253	0
1254	0
1255	0
1256	0
1257	4.18179623030838
1258	4.85477213690677
1259	4.85477213690677
1260	4.85477213690677
1261	4.85477213690677
1262	0
1263	0
1264	0
1265	0
1266	0
1267	0
1268	0
1269	0
1270	0
1271	0
1272	0
1273	0
1274	0
1275	0
1276	0
