983	94.85049457
984	95.2622057425
985	94.438216562
986	94.438216562
987	94.438216562
988	94.438216562
989	90.4322479785714
990	87.9981335671429
991	86.8982505566667
992	86.8982505566667
993	86.8982505566667
994	86.8982505566667
995	88.32481912
996	88.32481912
997	88.32481912
998	88.32481912
999	89.6300035825
1000	92.92350846
1001	92.92350846
1002	92.92350846
1003	92.92350846
1004	92.92350846
1005	92.92350846
1006	92.92350846
1007	92.92350846
1008	94.03646649
1009	94.285503095
1010	94.8087374666667
1011	94.8087374666667
1012	94.8087374666667
1013	94.8087374666667
1014	94.8087374666667
1015	94.8087374666667
1016	88.891141505
1017	88.891141505
1018	85.12091131
1019	85.12091131
1020	85.12091131
1021	85.12091131
1022	85.12091131
1023	85.12091131
1024	84.609430135
1025	84.609430135
1026	82.1853269216667
1027	82.1853269216667
1028	82.1853269216667
1029	82.1853269216667
1030	82.1853269216667
1031	82.1853269216667
1032	82.1853269216667
1033	82.1853269216667
1034	82.1853269216667
1035	83.07338267
1036	83.07338267
1037	83.07338267
1038	83.07338267
1039	94.09947631
1040	94.09947631
1041	94.09947631
1042	94.09947631
1043	94.09947631
1044	94.09947631
1045	84.82341758
1046	83.53238002
1047	83.53238002
1048	78.757849044
1049	73.7279703233333
1050	69.58361936
1051	69.58361936
1052	54.5257032316667
1053	54.5257032316667
1054	54.5257032316667
1055	54.5257032316667
1056	54.5257032316667
1057	54.5257032316667
1058	54.5257032316667
1059	54.5257032316667
1060	54.5257032316667
1061	54.5257032316667
1062	54.5257032316667
1063	64.45304118
1064	67.4470042866667
1065	67.4470042866667
1066	67.4470042866667
1067	69.1930724875
1068	69.1930724875
1069	69.1930724875
1070	69.1930724875
1071	69.1930724875
1072	69.1930724875
1073	69.1930724875
1074	56.44357236
1075	56.44357236
1076	0
1077	28.06624266
1078	19.640230395
1079	13.7530812193333
1080	13.7530812193333
1081	10.97888154575
1082	10.97888154575
1083	10.97888154575
1084	10.97888154575
1085	5.28309450766667
1086	5.28309450766667
1087	5.28309450766667
1088	5.28309450766667
1089	70.126546565
1090	70.126546565
1091	70.126546565
1092	70.126546565
1093	70.126546565
1094	70.126546565
1095	70.126546565
1096	70.126546565
1097	70.126546565
1098	70.126546565
1099	70.126546565
1100	70.126546565
1101	70.126546565
1102	70.126546565
1103	70.126546565
1104	70.126546565
1105	70.126546565
1106	70.126546565
1107	67.5434871
1108	67.5434871
1109	67.5434871
1110	0
1111	0
1112	0
1113	2.657277096
1114	2.657277096
1115	3.515846055
1116	7.0752059894
1117	7.0752059894
1118	7.0752059894
1119	7.0752059894
1120	7.0752059894
1121	7.0752059894
1122	26.503302911
1123	26.503302911
1124	34.36989142
1125	34.36989142
1126	34.36989142
1127	34.36989142
1128	34.36989142
1129	34.36989142
1130	34.36989142
1131	34.36989142
1132	34.36989142
1133	34.36989142
1134	34.36989142
1135	34.36989142
1136	27.42846115
1137	27.42846115
1138	27.42846115
1139	27.42846115
1140	45.803486795
1141	45.803486795
1142	45.803486795
1143	48.185930412
1144	48.358366635
1145	48.358366635
1146	48.358366635
1147	48.358366635
1148	48.358366635
1149	48.358366635
1150	48.358366635
1151	48.358366635
1152	56.346538955
1153	56.346538955
1154	56.346538955
1155	56.346538955
1156	56.07270577
1157	67.129851225
1158	67.129851225
1159	75.79830974
1160	95.13249599
1161	95.13249599
1162	80.92747979
1163	68.4729850033333
1164	68.4729850033333
1165	68.4729850033333
1166	68.4729850033333
1167	68.4729850033333
1168	68.4729850033333
1169	68.4729850033333
1170	68.4729850033333
1171	68.4729850033333
1172	55.5073373772
1173	55.5073373772
1174	55.5073373772
1175	55.5073373772
1176	55.5073373772
1177	55.5073373772
1178	55.5073373772
1179	55.5073373772
1180	55.5073373772
1181	55.5073373772
1182	66.70858615
1183	66.70858615
1184	66.70858615
1185	66.70858615
1186	67.7138877366667
1187	69.72449091
1188	69.72449091
1189	69.72449091
1190	69.72449091
1191	69.72449091
1192	69.72449091
1193	0
1194	0
1195	16.38383656
1196	16.38383656
1197	16.38383656
1198	16.38383656
1199	16.38383656
1200	10.550856926
1201	10.550856926
1202	10.550856926
1203	10.550856926
1204	10.550856926
1205	36.1142610773333
1206	62.2589636466667
1207	62.2589636466667
1208	62.2589636466667
1209	67.02435707
1210	83.9045305733333
1211	83.9045305733333
1212	83.9045305733333
1213	83.9045305733333
1214	83.9045305733333
1215	83.9045305733333
1216	83.9045305733333
1217	0
1218	0
1219	0
1220	67.29278231
1221	67.29278231
1222	60.24333575
1223	60.24333575
1224	60.24333575
1225	60.24333575
1226	60.24333575
1227	66.457319005
1228	76.90965888
1229	76.90965888
1230	76.90965888
1231	76.90965888
1232	76.90965888
1233	76.90965888
1234	76.90965888
1235	76.90965888
1236	76.90965888
1237	76.90965888
1238	76.90965888
1239	76.90965888
1240	76.90965888
1241	76.90965888
1242	0
1243	0
1244	0
1245	0
1246	0
1247	73.70272976
1248	73.70272976
1249	73.70272976
1250	73.70272976
1251	73.70272976
1252	73.70272976
1253	73.70272976
1254	73.70272976
1255	73.70272976
1256	73.70272976
1257	-1.256867554
1258	-1.256867554
1259	-1.256867554
1260	-1.256867554
1261	-1.256867554
1262	-1.256867554
1263	93.32320802
1264	93.32320802
1265	92.6915665933333
1266	92.6915665933333
1267	92.6915665933333
1268	92.6915665933333
1269	92.6915665933333
1270	92.6915665933333
1271	92.6915665933333
1272	93.2789722
1273	93.2789722
1274	93.2789722
1275	93.2789722
1276	93.2789722
