983	92.6649853833333
984	92.6186951425
985	89.917001028
986	89.917001028
987	89.917001028
988	89.917001028
989	81.4086519942857
990	73.1221297528571
991	69.8985118783333
992	69.8985118783333
993	69.8985118783333
994	69.8985118783333
995	68.348271554
996	68.348271554
997	68.348271554
998	68.348271554
999	72.11454432
1000	81.8523886933333
1001	81.8523886933333
1002	81.8523886933333
1003	81.8523886933333
1004	81.8523886933333
1005	81.8523886933333
1006	81.8523886933333
1007	81.8523886933333
1008	74.9684397
1009	73.25665418
1010	70.0490862433333
1011	70.0490862433333
1012	70.0490862433333
1013	70.0490862433333
1014	70.0490862433333
1015	70.0490862433333
1016	67.40167446
1017	67.40167446
1018	64.692378164
1019	64.692378164
1020	64.692378164
1021	64.692378164
1022	64.692378164
1023	64.692378164
1024	62.6777638466667
1025	62.6777638466667
1026	58.5197473583333
1027	58.5197473583333
1028	58.5197473583333
1029	58.5197473583333
1030	58.5197473583333
1031	58.5197473583333
1032	58.5197473583333
1033	58.5197473583333
1034	58.5197473583333
1035	59.1249303375
1036	59.1249303375
1037	59.1249303375
1038	59.1249303375
1039	93.25515485
1040	93.25515485
1041	93.25515485
1042	93.25515485
1043	93.25515485
1044	93.25515485
1045	82.367281385
1046	81.8616372775
1047	81.8616372775
1048	75.857012194
1049	70.5647182833333
1050	65.3469922414286
1051	65.3469922414286
1052	47.1187854416667
1053	47.1187854416667
1054	47.1187854416667
1055	47.1187854416667
1056	47.1187854416667
1057	47.1187854416667
1058	47.1187854416667
1059	47.1187854416667
1060	47.1187854416667
1061	47.1187854416667
1062	47.1187854416667
1063	54.230167325
1064	57.54217853
1065	57.54217853
1066	57.54217853
1067	59.0301812
1068	59.0301812
1069	59.0301812
1070	59.0301812
1071	59.0301812
1072	59.0301812
1073	59.0301812
1074	46.3165249
1075	46.3165249
1076	0
1077	27.30459039
1078	18.66311098
1079	13.1478174626667
1080	13.1478174626667
1081	10.7119897795
1082	10.7119897795
1083	10.7119897795
1084	10.7119897795
1085	5.18112290933333
1086	5.18112290933333
1087	5.18112290933333
1088	5.18112290933333
1089	65.23226889
1090	65.23226889
1091	65.23226889
1092	65.23226889
1093	65.23226889
1094	65.23226889
1095	65.23226889
1096	65.23226889
1097	65.23226889
1098	65.23226889
1099	65.23226889
1100	65.23226889
1101	65.23226889
1102	65.23226889
1103	65.23226889
1104	65.23226889
1105	65.23226889
1106	65.23226889
1107	62.50994788
1108	62.50994788
1109	62.50994788
1110	0
1111	0
1112	0
1113	2.582807554
1114	2.582807554
1115	3.385082769
1116	5.1064583242
1117	5.1064583242
1118	5.1064583242
1119	5.1064583242
1120	5.1064583242
1121	5.1064583242
1122	16.070732174
1123	16.070732174
1124	20.4946163033333
1125	20.4946163033333
1126	20.4946163033333
1127	20.4946163033333
1128	20.4946163033333
1129	20.4946163033333
1130	20.4946163033333
1131	20.4946163033333
1132	20.4946163033333
1133	20.4946163033333
1134	20.4946163033333
1135	20.4946163033333
1136	16.02763769
1137	16.02763769
1138	16.02763769
1139	16.02763769
1140	43.7494405775
1141	43.7494405775
1142	43.7494405775
1143	46.18029919
1144	46.25614483125
1145	46.25614483125
1146	46.25614483125
1147	46.25614483125
1148	46.25614483125
1149	46.25614483125
1150	46.25614483125
1151	46.25614483125
1152	54.4639040966667
1153	54.4639040966667
1154	54.4639040966667
1155	54.4639040966667
1156	54.175938188
1157	65.6360388275
1158	65.6360388275
1159	74.63740896
1160	94.82102893
1161	94.82102893
1162	73.08996138
1163	52.1486760366667
1164	52.1486760366667
1165	52.1486760366667
1166	52.1486760366667
1167	52.1486760366667
1168	52.1486760366667
1169	52.1486760366667
1170	52.1486760366667
1171	52.1486760366667
1172	41.9820390598
1173	41.9820390598
1174	41.9820390598
1175	41.9820390598
1176	41.9820390598
1177	41.9820390598
1178	41.9820390598
1179	41.9820390598
1180	41.9820390598
1181	41.9820390598
1182	51.132091365
1183	51.132091365
1184	51.132091365
1185	51.132091365
1186	53.25063352
1187	57.48771783
1188	57.48771783
1189	57.48771783
1190	57.48771783
1191	57.48771783
1192	57.48771783
1193	0
1194	0
1195	13.84270476
1196	13.84270476
1197	13.84270476
1198	13.84270476
1199	13.84270476
1200	7.2216646795
1201	7.2216646795
1202	7.2216646795
1203	7.2216646795
1204	7.2216646795
1205	30.880423373
1206	55.34500883
1207	55.34500883
1208	55.34500883
1209	60.1722407225
1210	75.6154193766667
1211	75.6154193766667
1212	75.6154193766667
1213	75.6154193766667
1214	75.6154193766667
1215	75.6154193766667
1216	75.6154193766667
1217	0
1218	0
1219	0
1220	47.65331131
1221	47.65331131
1222	36.6777018566667
1223	36.6777018566667
1224	36.6777018566667
1225	36.6777018566667
1226	36.6777018566667
1227	43.81102558
1228	56.21818237
1229	56.21818237
1230	56.21818237
1231	56.21818237
1232	56.21818237
1233	56.21818237
1234	56.21818237
1235	56.21818237
1236	56.21818237
1237	56.21818237
1238	56.21818237
1239	56.21818237
1240	56.21818237
1241	56.21818237
1242	0
1243	0
1244	0
1245	0
1246	0
1247	59.80529813
1248	59.80529813
1249	59.80529813
1250	59.80529813
1251	59.80529813
1252	59.80529813
1253	59.80529813
1254	59.80529813
1255	59.80529813
1256	59.80529813
1257	-0.685310176
1258	-0.685310176
1259	-0.685310176
1260	-0.685310176
1261	-0.685310176
1262	-0.685310176
1263	67.144698935
1264	67.144698935
1265	67.7653901933333
1266	67.7653901933333
1267	67.7653901933333
1268	67.7653901933333
1269	67.7653901933333
1270	67.7653901933333
1271	67.7653901933333
1272	64.74403326
1273	64.74403326
1274	64.74403326
1275	64.74403326
1276	64.74403326
