983	97.1633936766667
984	98.0498898325
985	89.328240344
986	89.328240344
987	89.328240344
988	89.328240344
989	70.9954440057143
990	55.0577832242857
991	49.33719154
992	49.33719154
993	49.33719154
994	49.33719154
995	45.92484565
996	45.92484565
997	45.92484565
998	45.92484565
999	55.73428715
1000	70.32686778
1001	70.32686778
1002	70.32686778
1003	70.32686778
1004	70.32686778
1005	70.32686778
1006	70.32686778
1007	70.32686778
1008	38.74637408
1009	31.0415247325
1010	17.0146648133333
1011	17.0146648133333
1012	17.0146648133333
1013	17.0146648133333
1014	17.0146648133333
1015	17.0146648133333
1016	31.37310146075
1017	31.37310146075
1018	40.508409322
1019	40.508409322
1020	40.508409322
1021	40.508409322
1022	40.508409322
1023	40.508409322
1024	41.7544548983333
1025	41.7544548983333
1026	44.32034534
1027	44.32034534
1028	44.32034534
1029	44.32034534
1030	44.32034534
1031	44.32034534
1032	44.32034534
1033	44.32034534
1034	44.32034534
1035	48.7322395275
1036	48.7322395275
1037	48.7322395275
1038	48.7322395275
1039	13.79997709
1040	13.79997709
1041	13.79997709
1042	13.79997709
1043	13.79997709
1044	13.79997709
1045	33.43637565
1046	33.283811585
1047	33.283811585
1048	32.047910088
1049	30.3768970683333
1050	29.3052099071429
1051	29.3052099071429
1052	25.7156571366667
1053	25.7156571366667
1054	25.7156571366667
1055	25.7156571366667
1056	25.7156571366667
1057	25.7156571366667
1058	25.7156571366667
1059	25.7156571366667
1060	25.7156571366667
1061	25.7156571366667
1062	25.7156571366667
1063	43.9729713
1064	46.7525554266667
1065	46.7525554266667
1066	46.7525554266667
1067	47.844757715
1068	47.844757715
1069	47.844757715
1070	47.844757715
1071	47.844757715
1072	47.844757715
1073	47.844757715
1074	37.3260843
1075	37.3260843
1076	0
1077	23.12294321
1078	16.68912354
1079	11.5078428373333
1080	11.5078428373333
1081	9.41569733
1082	9.41569733
1083	9.41569733
1084	9.41569733
1085	4.84661537
1086	4.84661537
1087	4.84661537
1088	4.84661537
1089	60.016820695
1090	60.016820695
1091	60.016820695
1092	60.016820695
1093	60.016820695
1094	60.016820695
1095	60.016820695
1096	60.016820695
1097	60.016820695
1098	60.016820695
1099	60.016820695
1100	60.016820695
1101	60.016820695
1102	60.016820695
1103	60.016820695
1104	60.016820695
1105	60.016820695
1106	60.016820695
1107	56.43022744
1108	56.43022744
1109	56.43022744
1110	0
1111	0
1112	0
1113	1.398793952
1114	1.398793952
1115	2.62763211666667
1116	3.4001310534
1117	3.4001310534
1118	3.4001310534
1119	3.4001310534
1120	3.4001310534
1121	3.4001310534
1122	7.82946911125
1123	7.82946911125
1124	9.727326343
1125	9.727326343
1126	9.727326343
1127	9.727326343
1128	9.727326343
1129	9.727326343
1130	9.727326343
1131	9.727326343
1132	9.727326343
1133	9.727326343
1134	9.727326343
1135	9.727326343
1136	7.9144405745
1137	7.9144405745
1138	7.9144405745
1139	7.9144405745
1140	42.187062235
1141	42.187062235
1142	42.187062235
1143	45.662897954
1144	45.91106444
1145	45.91106444
1146	45.91106444
1147	45.91106444
1148	45.91106444
1149	45.91106444
1150	45.91106444
1151	45.91106444
1152	54.564275615
1153	54.564275615
1154	54.564275615
1155	54.564275615
1156	53.563882572
1157	58.23584215
1158	58.23584215
1159	63.100055775
1160	74.05553738
1161	74.05553738
1162	56.787385775
1163	34.6467175633333
1164	34.6467175633333
1165	34.6467175633333
1166	34.6467175633333
1167	34.6467175633333
1168	34.6467175633333
1169	34.6467175633333
1170	34.6467175633333
1171	34.6467175633333
1172	27.17680538
1173	27.17680538
1174	27.17680538
1175	27.17680538
1176	27.17680538
1177	27.17680538
1178	27.17680538
1179	27.17680538
1180	27.17680538
1181	27.17680538
1182	30.583098
1183	30.583098
1184	30.583098
1185	30.583098
1186	39.26833284
1187	56.63880252
1188	56.63880252
1189	56.63880252
1190	56.63880252
1191	56.63880252
1192	56.63880252
1193	0
1194	0
1195	9.087723739
1196	9.087723739
1197	9.087723739
1198	9.087723739
1199	9.087723739
1200	4.378874146
1201	4.378874146
1202	4.378874146
1203	4.378874146
1204	4.378874146
1205	18.8790567206667
1206	36.9751238363333
1207	36.9751238363333
1208	36.9751238363333
1209	41.27675184225
1210	52.0064278766667
1211	52.0064278766667
1212	52.0064278766667
1213	52.0064278766667
1214	52.0064278766667
1215	52.0064278766667
1216	52.0064278766667
1217	0
1218	0
1219	0
1220	36.49989506
1221	36.49989506
1222	26.3682622586667
1223	26.3682622586667
1224	26.3682622586667
1225	26.3682622586667
1226	26.3682622586667
1227	32.6849077215
1228	44.86564205
1229	44.86564205
1230	44.86564205
1231	44.86564205
1232	44.86564205
1233	44.86564205
1234	44.86564205
1235	44.86564205
1236	44.86564205
1237	44.86564205
1238	44.86564205
1239	44.86564205
1240	44.86564205
1241	44.86564205
1242	0
1243	0
1244	0
1245	0
1246	0
1247	35.15224859
1248	35.15224859
1249	35.15224859
1250	35.15224859
1251	35.15224859
1252	35.15224859
1253	35.15224859
1254	35.15224859
1255	35.15224859
1256	35.15224859
1257	-0.620402798
1258	-0.620402798
1259	-0.620402798
1260	-0.620402798
1261	-0.620402798
1262	-0.620402798
1263	20.130973425
1264	20.130973425
1265	22.6756057166667
1266	22.6756057166667
1267	22.6756057166667
1268	22.6756057166667
1269	22.6756057166667
1270	22.6756057166667
1271	22.6756057166667
1272	15.10553127
1273	15.10553127
1274	15.10553127
1275	15.10553127
1276	15.10553127
