983	93.4054143566667
984	93.462397915
985	93.347315936
986	93.347315936
987	93.347315936
988	93.347315936
989	90.9675633828572
990	90.59276718
991	90.25649691
992	90.25649691
993	90.25649691
994	90.25649691
995	92.351942686
996	92.351942686
997	92.351942686
998	92.351942686
999	92.7834487875
1000	93.7497642966667
1001	93.7497642966667
1002	93.7497642966667
1003	93.7497642966667
1004	93.7497642966667
1005	93.7497642966667
1006	93.7497642966667
1007	93.7497642966667
1008	94.34525942
1009	94.4272360625
1010	94.8301943933333
1011	94.8301943933333
1012	94.8301943933333
1013	94.8301943933333
1014	94.8301943933333
1015	94.8301943933333
1016	91.870340065
1017	91.870340065
1018	90.194296702
1019	90.194296702
1020	90.194296702
1021	90.194296702
1022	90.194296702
1023	90.194296702
1024	90.0049958516667
1025	90.0049958516667
1026	89.0565004566667
1027	89.0565004566667
1028	89.0565004566667
1029	89.0565004566667
1030	89.0565004566667
1031	89.0565004566667
1032	89.0565004566667
1033	89.0565004566667
1034	89.0565004566667
1035	89.6924945225
1036	89.6924945225
1037	89.6924945225
1038	89.6924945225
1039	93.85181586
1040	93.85181586
1041	93.85181586
1042	93.85181586
1043	93.85181586
1044	93.85181586
1045	85.748243265
1046	85.0708653425
1047	85.0708653425
1048	81.127130746
1049	76.946837245
1050	73.7105628371429
1051	73.7105628371429
1052	60.7458164866667
1053	60.7458164866667
1054	60.7458164866667
1055	60.7458164866667
1056	60.7458164866667
1057	60.7458164866667
1058	60.7458164866667
1059	60.7458164866667
1060	60.7458164866667
1061	60.7458164866667
1062	60.7458164866667
1063	69.70236498
1064	72.74929085
1065	72.74929085
1066	72.74929085
1067	73.923783155
1068	73.923783155
1069	73.923783155
1070	73.923783155
1071	73.923783155
1072	73.923783155
1073	73.923783155
1074	62.06584842
1075	62.06584842
1076	0
1077	27.54341124
1078	19.169809225
1079	13.5823590873333
1080	13.5823590873333
1081	11.208294527
1082	11.208294527
1083	11.208294527
1084	11.208294527
1085	5.76325562266667
1086	5.76325562266667
1087	5.76325562266667
1088	5.76325562266667
1089	73.417615825
1090	73.417615825
1091	73.417615825
1092	73.417615825
1093	73.417615825
1094	73.417615825
1095	73.417615825
1096	73.417615825
1097	73.417615825
1098	73.417615825
1099	73.417615825
1100	73.417615825
1101	73.417615825
1102	73.417615825
1103	73.417615825
1104	73.417615825
1105	73.417615825
1106	73.417615825
1107	71.11639614
1108	71.11639614
1109	71.11639614
1110	0
1111	0
1112	0
1113	2.336641128
1114	2.336641128
1115	3.52888545433333
1116	7.9862207202
1117	7.9862207202
1118	7.9862207202
1119	7.9862207202
1120	7.9862207202
1121	7.9862207202
1122	30.76846693075
1123	30.76846693075
1124	40.1792562833333
1125	40.1792562833333
1126	40.1792562833333
1127	40.1792562833333
1128	40.1792562833333
1129	40.1792562833333
1130	40.1792562833333
1131	40.1792562833333
1132	40.1792562833333
1133	40.1792562833333
1134	40.1792562833333
1135	40.1792562833333
1136	31.85917244
1137	31.85917244
1138	31.85917244
1139	31.85917244
1140	46.8385404525
1141	46.8385404525
1142	46.8385404525
1143	57.470832362
1144	54.08695256875
1145	54.08695256875
1146	54.08695256875
1147	54.08695256875
1148	54.08695256875
1149	54.08695256875
1150	54.08695256875
1151	54.08695256875
1152	63.6574961066667
1153	63.6574961066667
1154	63.6574961066667
1155	63.6574961066667
1156	56.388995328
1157	67.10670691
1158	67.10670691
1159	75.80187049
1160	94.31668851
1161	94.31668851
1162	83.075996915
1163	72.5796519933333
1164	72.5796519933333
1165	72.5796519933333
1166	72.5796519933333
1167	72.5796519933333
1168	72.5796519933333
1169	72.5796519933333
1170	72.5796519933333
1171	72.5796519933333
1172	59.5135703
1173	59.5135703
1174	59.5135703
1175	59.5135703
1176	59.5135703
1177	59.5135703
1178	59.5135703
1179	59.5135703
1180	59.5135703
1181	59.5135703
1182	71.16626788
1183	71.16626788
1184	71.16626788
1185	71.16626788
1186	71.15909078
1187	71.14473658
1188	71.14473658
1189	71.14473658
1190	71.14473658
1191	71.14473658
1192	71.14473658
1193	0
1194	0
1195	18.98374616
1196	18.98374616
1197	18.98374616
1198	18.98374616
1199	18.98374616
1200	15.063249855
1201	15.063249855
1202	15.063249855
1203	15.063249855
1204	15.063249855
1205	38.29086315
1206	62.1871812933333
1207	62.1871812933333
1208	62.1871812933333
1209	67.4385603725
1210	83.59016511
1211	83.59016511
1212	83.59016511
1213	83.59016511
1214	83.59016511
1215	83.59016511
1216	83.59016511
1217	0
1218	0
1219	0
1220	74.91235773
1221	74.91235773
1222	69.5237192766667
1223	69.5237192766667
1224	69.5237192766667
1225	69.5237192766667
1226	69.5237192766667
1227	74.96974796
1228	83.6671945375
1229	83.6671945375
1230	83.6671945375
1231	83.6671945375
1232	83.6671945375
1233	83.6671945375
1234	83.6671945375
1235	83.6671945375
1236	83.6671945375
1237	83.6671945375
1238	83.6671945375
1239	83.6671945375
1240	83.6671945375
1241	83.6671945375
1242	0
1243	0
1244	0
1245	0
1246	0
1247	76.69518638
1248	76.69518638
1249	76.69518638
1250	76.69518638
1251	76.69518638
1252	76.69518638
1253	76.69518638
1254	76.69518638
1255	76.69518638
1256	76.69518638
1257	-0.321161551
1258	-0.321161551
1259	-0.321161551
1260	-0.321161551
1261	-0.321161551
1262	-0.321161551
1263	94.10522073
1264	94.10522073
1265	94.1270418866667
1266	94.1270418866667
1267	94.1270418866667
1268	94.1270418866667
1269	94.1270418866667
1270	94.1270418866667
1271	94.1270418866667
1272	94.52994331
1273	94.52994331
1274	94.52994331
1275	94.52994331
1276	94.52994331
