Residues	Expo10sec	Expo1min	Expo10min	Expo1hr	Expo2hrs
978	NA	NA	NA	NA	NA
979	NA	NA	NA	NA	NA
980	NA	NA	NA	NA	NA
981	NA	NA	NA	NA	NA
982	NA	NA	NA	NA	NA
983	NA	NA	NA	NA	NA
984	NA	NA	NA	NA	NA
985	NA	NA	NA	NA	NA
986	NA	NA	NA	NA	NA
987	NA	NA	NA	NA	NA
988	NA	NA	NA	NA	NA
989	48.78290619	59.22846159	67.30405419	77.68887859	84.49456212
990	48.78290619	59.22846159	67.30405419	77.68887859	84.49456212
991	48.78290619	59.22846159	67.30405419	77.68887859	84.49456212
992	46.81443545	57.31292655	66.92218271	78.13606137	84.8716177
993	46.81443545	57.31292655	66.92218271	78.13606137	84.8716177
994	45.95542079	57.03114882	66.93727792	80.96421721	86.03394296
995	45.16050495	56.00713481	65.64348795	79.77540037	85.06960873
996	43.66011386	54.56918258	64.32232849	77.15063766	83.01892054
997	43.66011386	54.56918258	64.32232849	77.15063766	83.01892054
998	43.66011386	54.56918258	64.32232849	77.15063766	83.01892054
999	43.31147166	54.32957622	63.851733	76.45929274	82.51225605
1000	41.98555737	53.19560544	63.10060702	74.66304579	81.03991663
1001	41.98555737	53.19560544	63.10060702	74.66304579	81.03991663
1002	41.98555737	53.19560544	63.10060702	74.66304579	81.03991663
1003	41.92981133	53.17771475	62.90949247	74.39008447	80.75330336
1004	40.41122681	52.29173723	62.73329731	73.49870692	80.9551604
1005	40.41122681	52.29173723	62.73329731	73.49870692	80.9551604
1006	39.10124664	50.66569824	61.19337357	73.18792983	81.07613203
1007	38.9554336	50.59326277	61.12943931	73.51423551	81.09526118
1008	30.60510684	42.29649165	52.48385168	67.30596648	74.09438157
1009	30.60510684	42.29649165	52.48385168	67.30596648	74.09438157
1010	30.60510684	42.29649165	52.48385168	67.30596648	74.09438157
1011	30.60510684	42.29649165	52.48385168	67.30596648	74.09438157
1012	29.04003203	40.56077255	51.52794279	67.411067	73.82946725
1013	5.202304179	8.498169777	12.03879944	27.85285371	39.10398501
1014	5.202304179	8.498169777	12.03879944	27.85285371	39.10398501
1015	5.202304179	8.498169777	12.03879944	27.85285371	39.10398501
1016	5.202304179	8.498169777	12.03879944	27.85285371	39.10398501
1017	5.202304179	8.498169777	12.03879944	27.85285371	39.10398501
1018	5.202304179	8.498169777	12.03879944	27.85285371	39.10398501
1019	5.202304179	8.498169777	12.03879944	27.85285371	39.10398501
1020	5.202304179	8.498169777	12.03879944	27.85285371	39.10398501
1021	63.02957938	72.78122491	67.09802236	76.23111296	91.77595256
1022	61.58539351	71.18954992	65.42476918	74.4488245	89.66486015
1023	77.55441694	83.50374464	76.76108193	82.93459911	95.30732413
1024	77.55441694	83.50374464	76.76108193	82.93459911	95.30732413
1025	77.55441694	83.50374464	76.76108193	82.93459911	95.30732413
1026	77.55441694	83.50374464	76.76108193	82.93459911	95.30732413
1027	77.55441694	83.50374464	76.76108193	82.93459911	95.30732413
1028	77.55441694	83.50374464	76.76108193	82.93459911	95.30732413
1029	77.55441694	83.50374464	76.76108193	82.93459911	95.30732413
1030	77.55441694	83.50374464	76.76108193	82.93459911	95.30732413
1031	77.55441694	83.50374464	76.76108193	82.93459911	95.30732413
1032	77.55441694	83.50374464	76.76108193	82.93459911	95.30732413
1033	61.58539351	71.18954992	65.42476918	74.4488245	89.66486015
1034	54.87915425	59.07256202	58.66403693	74.63993182	82.9980648
1035	54.87915425	59.07256202	58.66403693	74.63993182	82.9980648
1036	54.87915425	59.07256202	58.66403693	74.63993182	82.9980648
1037	54.87915425	59.07256202	58.66403693	74.63993182	82.9980648
1038	54.87915425	59.07256202	58.66403693	74.63993182	82.9980648
1039	54.87915425	59.07256202	58.66403693	74.63993182	82.9980648
1040	54.87915425	59.07256202	58.66403693	74.63993182	82.9980648
1041	54.87915425	59.07256202	58.66403693	74.63993182	82.9980648
1042	54.87915425	59.07256202	58.66403693	74.63993182	82.9980648
1043	54.87915425	59.07256202	58.66403693	74.63993182	82.9980648
1044	26.95650885	31.17361648	45.84288117	77.48870071	86.56412124
1045	26.95650885	31.17361648	45.84288117	77.48870071	86.56412124
1046	15.67269388	19.8064308	39.49386509	77.44450328	87.69482436
1047	15.67269388	19.8064308	39.49386509	77.44450328	87.69482436
1048	5.448304293	10.97488716	33.29528118	74.14913895	86.96667597
1049	9.105150193	15.50690307	34.81632634	68.86038989	81.59810288
1050	14.3747529	21.73934058	37.74184842	64.61963209	75.42929639
1051	16.26938851	24.07618002	39.2055209	63.28001016	74.00836744
1052	16.26938851	24.07618002	39.2055209	63.28001016	74.00836744
1053	16.26938851	24.07618002	39.2055209	63.28001016	74.00836744
1054	16.26938851	24.07618002	39.2055209	63.28001016	74.00836744
1055	17.77884531	25.89533717	40.72756317	64.22941556	73.9683772
1056	15.94998616	23.44798137	37.53639863	59.58189556	68.74925361
1057	9.616790711	12.84671751	26.07447455	46.76687555	56.51565966
1058	9.616790711	12.84671751	26.07447455	46.76687555	56.51565966
1059	9.616790711	12.84671751	26.07447455	46.76687555	56.51565966
1060	9.616790711	12.84671751	26.07447455	46.76687555	56.51565966
1061	9.616790711	12.84671751	26.07447455	46.76687555	56.51565966
1062	15.74515503	20.38840663	33.47063856	52.28362392	60.99251544
1063	15.74515503	20.38840663	33.47063856	52.28362392	60.99251544
1064	15.74515503	20.38840663	33.47063856	52.28362392	60.99251544
1065	19.28405996	24.40080577	37.20535367	56.1296371	66.47933445
1066	22.88001632	30.179469	36.86557579	54.67851208	69.38328493
1067	22.88001632	30.179469	36.86557579	54.67851208	69.38328493
1068	22.88001632	30.179469	36.86557579	54.67851208	69.38328493
1069	17.00327625	23.20012318	28.46910509	48.38129866	65.88490758
1070	17.00327625	23.20012318	28.46910509	48.38129866	65.88490758
1071	20.05051079	26.79207136	31.05200421	48.14568642	65.01996245
1072	32.26133183	39.82774007	40.82608966	53.94940474	69.12872321
1073	32.26133183	39.82774007	40.82608966	53.94940474	69.12872321
1074	30.76503733	35.59923736	34.77040554	44.42194486	59.96716274
1075	30.55407344	37.44862415	40.48264702	49.93837916	62.96735423
1076	30.55407344	37.44862415	40.48264702	49.93837916	62.96735423
1077	30.55407344	37.44862415	40.48264702	49.93837916	62.96735423
1078	30.55407344	37.44862415	40.48264702	49.93837916	62.96735423
1079	30.55407344	37.44862415	40.48264702	49.93837916	62.96735423
1080	30.55407344	37.44862415	40.48264702	49.93837916	62.96735423
1081	30.55407344	37.44862415	40.48264702	49.93837916	62.96735423
1082	30.55407344	37.44862415	40.48264702	49.93837916	62.96735423
1083	29.7102179	44.84617128	63.33161294	72.00411637	74.96812019
1084	NA	NA	NA	NA	NA
1085	NA	NA	NA	NA	NA
1086	NA	NA	NA	NA	NA
1087	NA	NA	NA	NA	NA
1088	NA	NA	NA	NA	NA
1089	NA	NA	NA	NA	NA
1090	NA	NA	NA	NA	NA
1091	NA	NA	NA	NA	NA
1092	NA	NA	NA	NA	NA
1093	64.83225985	71.68320628	71.07806444	83.22493934	89.13261557
1094	65.22862234	72.91571023	71.37983233	85.24888442	90.44235886
1095	70.98397122	77.68819337	74.49657417	88.38827822	91.51101448
1096	70.98397122	77.68819337	74.49657417	88.38827822	91.51101448
1097	70.98397122	77.68819337	74.49657417	88.38827822	91.51101448
1098	70.98397122	77.68819337	74.49657417	88.38827822	91.51101448
1099	72.17682089	79.45327021	75.07710224	91.27604724	91.93870412
1100	87.49774244	91.73878079	85.79953949	96.17432198	98.66157406
1101	87.49774244	91.73878079	85.79953949	96.17432198	98.66157406
1102	87.49774244	91.73878079	85.79953949	96.17432198	98.66157406
1103	87.49774244	91.73878079	85.79953949	96.17432198	98.66157406
1104	87.49774244	91.73878079	85.79953949	96.17432198	98.66157406
1105	87.49774244	91.73878079	85.79953949	96.17432198	98.66157406
1106	87.49774244	91.73878079	85.79953949	96.17432198	98.66157406
1107	85.84299025	89.72053206	83.94055761	94.12613254	97.39793622
1108	85.84299025	89.72053206	83.94055761	94.12613254	97.39793622
1109	85.84299025	89.72053206	83.94055761	94.12613254	97.39793622
1110	85.84299025	89.72053206	83.94055761	94.12613254	97.39793622
1111	85.84299025	89.72053206	83.94055761	94.12613254	97.39793622
1112	83.30134575	86.88028387	81.47956682	92.12105249	95.56545496
1113	63.84953732	66.56339402	61.56320506	69.87310439	71.99677249
1114	37.30612507	38.59926797	35.82599775	40.51055891	41.49964515
1115	37.30612507	38.59926797	35.82599775	40.51055891	41.49964515
1116	37.30612507	38.59926797	35.82599775	40.51055891	41.49964515
1117	1.668341796	-2.258642106	-4.887010443	-0.395191915	4.361474427
1118	1.668341796	-2.258642106	-4.887010443	-0.395191915	4.361474427
1119	1.668341796	-2.258642106	-4.887010443	-0.395191915	4.361474427
1120	9.612369621	12.49677682	15.01096177	23.64528834	32.62627067
1121	9.612369621	12.49677682	15.01096177	23.64528834	32.62627067
1122	7.595709943	10.20872375	12.3088397	19.52446946	29.34800977
1123	7.595709943	10.20872375	12.3088397	19.52446946	29.34800977
1124	5.458419512	11.49309346	18.84930052	26.24529654	29.56702528
1125	7.247699363	14.76514534	25.87562359	33.6587824	39.91015822
1126	3.757837456	6.782933557	18.26968544	25.90148552	32.04588156
1127	4.482730769	8.932740461	26.12416978	35.29900593	42.02653586
1128	5.82691082	10.8126519	30.87514076	41.43953958	47.15070303
1129	5.82691082	10.8126519	30.87514076	41.43953958	47.15070303
1130	5.82691082	10.8126519	30.87514076	41.43953958	47.15070303
1131	5.82691082	10.8126519	30.87514076	41.43953958	47.15070303
1132	5.82691082	10.8126519	30.87514076	41.43953958	47.15070303
1133	5.82691082	10.8126519	30.87514076	41.43953958	47.15070303
1134	5.82691082	10.8126519	30.87514076	41.43953958	47.15070303
1135	5.82691082	10.8126519	30.87514076	41.43953958	47.15070303
1136	6.465731407	11.13414021	30.39949614	40.77858038	46.3231609
1137	6.465731407	11.13414021	30.39949614	40.77858038	46.3231609
1138	6.465731407	11.13414021	30.39949614	40.77858038	46.3231609
1139	6.465731407	11.13414021	30.39949614	40.77858038	46.3231609
1140	6.465731407	11.13414021	30.39949614	40.77858038	46.3231609
1141	6.677922766	11.3761665	30.50281934	41.05730322	45.75094244
1142	8.954184437	10.6166874	19.57527468	48.0526889	58.90791476
1143	8.954184437	10.6166874	19.57527468	48.0526889	58.90791476
1144	8.954184437	10.6166874	19.57527468	48.0526889	58.90791476
1145	8.954184437	10.6166874	19.57527468	48.0526889	58.90791476
1146	8.954184437	10.6166874	19.57527468	48.0526889	58.90791476
1147	8.954184437	10.6166874	19.57527468	48.0526889	58.90791476
1148	8.954184437	10.6166874	19.57527468	48.0526889	58.90791476
1149	22.31054292	27.61123915	36.86913122	57.30606746	63.93991844
1150	32.49786213	41.36923507	51.39579536	65.27478708	68.059938
1151	32.49786213	41.36923507	51.39579536	65.27478708	68.059938
1152	32.49786213	41.36923507	51.39579536	65.27478708	68.059938
1153	32.49786213	41.36923507	51.39579536	65.27478708	68.059938
1154	32.49786213	41.36923507	51.39579536	65.27478708	68.059938
1155	32.49786213	41.36923507	51.39579536	65.27478708	68.059938
1156	32.49786213	41.36923507	51.39579536	65.27478708	68.059938
1157	32.49786213	41.36923507	51.39579536	65.27478708	68.059938
1158	29.41430404	32.64271751	35.88323825	45.69328251	50.3809271
1159	29.41430404	32.64271751	35.88323825	45.69328251	50.3809271
1160	29.41430404	32.64271751	35.88323825	45.69328251	50.3809271
1161	29.41430404	32.64271751	35.88323825	45.69328251	50.3809271
1162	29.41430404	32.64271751	35.88323825	45.69328251	50.3809271
1163	29.41430404	32.64271751	35.88323825	45.69328251	50.3809271
1164	29.41430404	32.64271751	35.88323825	45.69328251	50.3809271
1165	29.41430404	32.64271751	35.88323825	45.69328251	50.3809271
1166	38.13224227	39.04542153	38.63774171	50.53652194	60.16481271
1167	60.85002341	65.48475062	65.5037578	80.43351167	88.10757279
1168	60.85002341	65.48475062	65.5037578	80.43351167	88.10757279
1169	60.85002341	65.48475062	65.5037578	80.43351167	88.10757279
1170	60.85002341	65.48475062	65.5037578	80.43351167	88.10757279
1171	60.85002341	65.48475062	65.5037578	80.43351167	88.10757279
1172	60.85002341	65.48475062	65.5037578	80.43351167	88.10757279
1173	60.85002341	65.48475062	65.5037578	80.43351167	88.10757279
1174	60.85002341	65.48475062	65.5037578	80.43351167	88.10757279
1175	60.85002341	65.48475062	65.5037578	80.43351167	88.10757279
1176	60.85002341	65.48475062	65.5037578	80.43351167	88.10757279
1177	60.85002341	65.48475062	65.5037578	80.43351167	88.10757279
1178	60.85002341	65.48475062	65.5037578	80.43351167	88.10757279
1179	50.10894725	51.34477251	51.44556484	68.5110899	77.84579724
1180	NA	NA	NA	NA	NA
1181	NA	NA	NA	NA	NA
1182	NA	NA	NA	NA	NA
1183	34.32588301	55.49050228	75.73522285	85.77343155	89.32084482
1184	34.32588301	55.49050228	75.73522285	85.77343155	89.32084482
1185	38.96503745	59.47596835	72.76278187	83.68129605	88.78385962
1186	45.06888469	57.4071488	65.60993648	81.84153825	87.15478456
1187	45.06888469	57.4071488	65.60993648	81.84153825	87.15478456
1188	45.06888469	57.4071488	65.60993648	81.84153825	87.15478456
1189	45.06888469	57.4071488	65.60993648	81.84153825	87.15478456
1190	50.82568084	57.41436637	60.47938662	79.93644057	84.8373094
1191	50.60344019	52.78139234	54.56410783	77.40470094	82.28514818
1192	50.60344019	52.78139234	54.56410783	77.40470094	82.28514818
1193	50.60344019	52.78139234	54.56410783	77.40470094	82.28514818
1194	50.60344019	52.78139234	54.56410783	77.40470094	82.28514818
1195	50.60344019	52.78139234	54.56410783	77.40470094	82.28514818
1196	56.84894333	58.87356211	58.34745752	79.68330355	84.84340991
1197	57.79160426	59.4511639	58.48967395	79.67549784	85.82537544
1198	50.32014662	50.89574397	48.40451321	66.15521376	70.46991263
1199	54.07855618	53.25255172	43.16839384	52.35605501	54.22409159
1200	54.07855618	53.25255172	43.16839384	52.35605501	54.22409159
1201	54.07855618	53.25255172	43.16839384	52.35605501	54.22409159
1202	54.07855618	53.25255172	43.16839384	52.35605501	54.22409159
1203	54.07855618	53.25255172	43.16839384	52.35605501	54.22409159
1204	NA	NA	NA	NA	NA
1205	NA	NA	NA	NA	NA
1206	NA	NA	NA	NA	NA
1207	NA	NA	NA	NA	NA
1208	NA	NA	NA	NA	NA
1209	NA	NA	NA	NA	NA
1210	NA	NA	NA	NA	NA
1211	NA	NA	NA	NA	NA
1212	NA	NA	NA	NA	NA
1213	NA	NA	NA	NA	NA
1214	NA	NA	NA	NA	NA
1215	NA	NA	NA	NA	NA
1216	NA	NA	NA	NA	NA
1217	NA	NA	NA	NA	NA
1218	NA	NA	NA	NA	NA
1219	NA	NA	NA	NA	NA
1220	NA	NA	NA	NA	NA
1221	NA	NA	NA	NA	NA
1222	NA	NA	NA	NA	NA
1223	32.06450748	42.09885431	54.98642571	67.78203635	75.66118709
1224	33.92541795	44.23663572	57.03737813	70.76598022	78.15453792
1225	35.70568333	46.17048878	59.06745162	73.19846984	81.07371906
1226	36.9244256	47.63941615	60.56347288	74.98888568	82.54391188
1227	37.79034164	48.95116829	61.71682415	76.24392356	83.60868146
1228	37.79034164	48.95116829	61.71682415	76.24392356	83.60868146
1229	37.79034164	48.95116829	61.71682415	76.24392356	83.60868146
1230	37.79034164	48.95116829	61.71682415	76.24392356	83.60868146
1231	40.39893059	52.6773178	64.48995432	79.02487791	86.23696449
1232	40.39893059	52.6773178	64.48995432	79.02487791	86.23696449
1233	40.39893059	52.6773178	64.48995432	79.02487791	86.23696449
1234	40.39893059	52.6773178	64.48995432	79.02487791	86.23696449
1235	41.0539086	53.52893373	65.05076789	80.25540494	87.03252813
1236	41.0539086	53.52893373	65.05076789	80.25540494	87.03252813
1237	41.0539086	53.52893373	65.05076789	80.25540494	87.03252813
1238	41.0539086	53.52893373	65.05076789	80.25540494	87.03252813
1239	43.31536521	56.29638649	67.55108931	83.94704625	90.14633407
1240	43.31536521	56.29638649	67.55108931	83.94704625	90.14633407
1241	43.31536521	56.29638649	67.55108931	83.94704625	90.14633407
1242	43.31536521	56.29638649	67.55108931	83.94704625	90.14633407
1243	NA	NA	NA	NA	NA
1244	NA	NA	NA	NA	NA
1245	NA	NA	NA	NA	NA
1246	NA	NA	NA	NA	NA
1247	NA	NA	NA	NA	NA
1248	NA	NA	NA	NA	NA
1249	NA	NA	NA	NA	NA
1250	39.44085019	44.90404985	53.27607599	64.01271653	76.75346819
1251	37.69017402	44.89943641	52.04059307	62.22779166	70.18903134
1252	37.69017402	44.89943641	52.04059307	62.22779166	70.18903134
1253	37.69017402	44.89943641	52.04059307	62.22779166	70.18903134
1254	37.69017402	44.89943641	52.04059307	62.22779166	70.18903134
1255	37.69017402	44.89943641	52.04059307	62.22779166	70.18903134
1256	37.69017402	44.89943641	52.04059307	62.22779166	70.18903134
1257	37.69017402	44.89943641	52.04059307	62.22779166	70.18903134
1258	37.69017402	44.89943641	52.04059307	62.22779166	70.18903134
1259	37.69017402	44.89943641	52.04059307	62.22779166	70.18903134
1260	37.69017402	44.89943641	52.04059307	62.22779166	70.18903134
1261	36.81483594	44.89712969	51.42285162	61.33532922	66.90681292
1262	36.81483594	44.89712969	51.42285162	61.33532922	66.90681292
1263	36.81483594	44.89712969	51.42285162	61.33532922	66.90681292
1264	32.67525894	40.20500899	49.23455056	59.07366493	64.39079841
1265	32.67525894	40.20500899	49.23455056	59.07366493	64.39079841
1266	NA	NA	NA	NA	NA
1267	52.10197822	71.88846061	75.63004075	92.4024779	97.52198736
1268	55.02765721	77.70374858	78.79959736	93.33775436	96.83100942
1269	55.02765721	77.70374858	78.79959736	93.33775436	96.83100942
1270	55.02765721	77.70374858	78.79959736	93.33775436	96.83100942
1271	60.20883436	82.78225859	82.33433453	95.16627561	97.64348739