Residues	Expo10sec	Expo1min	Expo10min	Expo1hr	Expo2hrs
978	NA	NA	NA	NA	NA
979	NA	NA	NA	NA	NA
980	NA	NA	NA	NA	NA
981	NA	NA	NA	NA	NA
982	NA	NA	NA	NA	NA
983	NA	NA	NA	NA	NA
984	NA	NA	NA	NA	NA
985	NA	NA	NA	NA	NA
986	NA	NA	NA	NA	NA
987	NA	NA	NA	NA	NA
988	NA	NA	NA	NA	NA
989	NA	NA	NA	NA	NA
990	NA	NA	NA	NA	NA
991	NA	NA	NA	NA	NA
992	NA	NA	NA	NA	NA
993	NA	NA	NA	NA	NA
994	NA	NA	NA	NA	NA
995	NA	NA	NA	NA	NA
996	85.97871723	91.92609922	94.923602	99.37048207	104.5641426
997	54.53737966	71.98672919	79.55126125	88.63194823	90.57411532
998	46.39007935	62.4668289	70.65123897	81.06385431	83.40922874
999	46.39007935	62.4668289	70.65123897	81.06385431	83.40922874
1000	46.39007935	62.4668289	70.65123897	81.06385431	83.40922874
1001	46.39007935	62.4668289	70.65123897	81.06385431	83.40922874
1002	46.39007935	62.4668289	70.65123897	81.06385431	83.40922874
1003	44.18278306	54.83930467	62.20641805	72.57957982	76.56860525
1004	44.18278306	54.83930467	62.20641805	72.57957982	76.56860525
1005	44.18278306	54.83930467	62.20641805	72.57957982	76.56860525
1006	52.46354403	63.64074837	68.59247391	78.16137313	81.29922545
1007	81.77366361	89.94745271	90.80641505	95.02420234	99.81289574
1008	84.24945589	91.21272189	92.09952882	95.68483761	100.7489493
1009	83.96124566	91.09382566	91.62884996	95.07056354	100.1130837
1010	83.96124566	91.09382566	91.62884996	95.07056354	100.1130837
1011	83.96124566	91.09382566	91.62884996	95.07056354	100.1130837
1012	83.96124566	91.09382566	91.62884996	95.07056354	100.1130837
1013	83.96124566	91.09382566	91.62884996	95.07056354	100.1130837
1014	83.96124566	91.09382566	91.62884996	95.07056354	100.1130837
1015	83.96124566	91.09382566	91.62884996	95.07056354	100.1130837
1016	83.96124566	91.09382566	91.62884996	95.07056354	100.1130837
1017	86.04825743	92.90003019	93.26444517	96.6609337	100.9440608
1018	86.04825743	92.90003019	93.26444517	96.6609337	100.9440608
1019	86.04825743	92.90003019	93.26444517	96.6609337	100.9440608
1020	86.04825743	92.90003019	93.26444517	96.6609337	100.9440608
1021	69.25179897	75.49893489	80.55365909	87.55631203	90.97389001
1022	28.95392926	35.52388075	50.62266344	68.68287811	71.5116661
1023	28.95392926	35.52388075	50.62266344	68.68287811	71.5116661
1024	33.36182533	39.72438663	57.16386236	77.75585582	81.96526978
1025	33.36182533	39.72438663	57.16386236	77.75585582	81.96526978
1026	33.36182533	39.72438663	57.16386236	77.75585582	81.96526978
1027	33.36182533	39.72438663	57.16386236	77.75585582	81.96526978
1028	33.36182533	39.72438663	57.16386236	77.75585582	81.96526978
1029	33.36182533	39.72438663	57.16386236	77.75585582	81.96526978
1030	33.36182533	39.72438663	57.16386236	77.75585582	81.96526978
1031	33.36182533	39.72438663	57.16386236	77.75585582	81.96526978
1032	33.36182533	39.72438663	57.16386236	77.75585582	81.96526978
1033	33.36182533	39.72438663	57.16386236	77.75585582	81.96526978
1034	33.36182533	39.72438663	57.16386236	77.75585582	81.96526978
1035	33.36182533	39.72438663	57.16386236	77.75585582	81.96526978
1036	33.36182533	39.72438663	57.16386236	77.75585582	81.96526978
1037	33.36182533	39.72438663	57.16386236	77.75585582	81.96526978
1038	30.99902795	37.7592379	54.34222651	74.43414788	77.79254812
1039	1.65138916	7.359728687	3.06224624	6.893529996	12.10766285
1040	1.65138916	7.359728687	3.06224624	6.893529996	12.10766285
1041	1.65138916	7.359728687	3.06224624	6.893529996	12.10766285
1042	1.65138916	7.359728687	3.06224624	6.893529996	12.10766285
1043	1.65138916	7.359728687	3.06224624	6.893529996	12.10766285
1044	1.65138916	7.359728687	3.06224624	6.893529996	12.10766285
1045	20.56704912	20.48023916	30.57982731	47.82800173	59.04126893
1046	20.56704912	20.48023916	30.57982731	47.82800173	59.04126893
1047	20.56704912	20.48023916	30.57982731	47.82800173	59.04126893
1048	20.56704912	20.48023916	30.57982731	47.82800173	59.04126893
1049	20.56704912	20.48023916	30.57982731	47.82800173	59.04126893
1050	20.56704912	20.48023916	30.57982731	47.82800173	59.04126893
1051	20.56704912	20.48023916	30.57982731	47.82800173	59.04126893
1052	20.56704912	20.48023916	30.57982731	47.82800173	59.04126893
1053	20.56704912	20.48023916	30.57982731	47.82800173	59.04126893
1054	7.21318186	10.23680377	23.22714493	37.03746466	47.73204629
1055	7.21318186	10.23680377	23.22714493	37.03746466	47.73204629
1056	7.21318186	10.23680377	23.22714493	37.03746466	47.73204629
1057	2.629858159	8.899221507	28.16699001	41.69003054	52.32870551
1058	2.629858159	8.899221507	28.16699001	41.69003054	52.32870551
1059	2.629858159	8.899221507	28.16699001	41.69003054	52.32870551
1060	46.3807523	55.76075995	61.833709	61.96679614	65.65484389
1061	46.3807523	55.76075995	61.833709	61.96679614	65.65484389
1062	46.3807523	55.76075995	61.833709	61.96679614	65.65484389
1063	46.3807523	55.76075995	61.833709	61.96679614	65.65484389
1064	46.3807523	55.76075995	61.833709	61.96679614	65.65484389
1065	46.3807523	55.76075995	61.833709	61.96679614	65.65484389
1066	46.3807523	55.76075995	61.833709	61.96679614	65.65484389
1067	46.3807523	55.76075995	61.833709	61.96679614	65.65484389
1068	35.89019599	40.93413197	44.30562417	44.59489628	48.07424884
1069	35.89019599	40.93413197	44.30562417	44.59489628	48.07424884
1070	35.89019599	40.93413197	44.30562417	44.59489628	48.07424884
1071	16.44088502	20.88239874	33.90109441	51.2362442	53.51754614
1072	16.80272612	21.89644463	34.88849905	52.52125318	54.16283095
1073	14.72120488	20.01067748	32.12080419	49.02536863	50.06250306
1074	16.50821612	21.18828316	34.09352181	50.33601014	52.55280523
1075	16.50821612	21.18828316	34.09352181	50.33601014	52.55280523
1076	16.50821612	21.18828316	34.09352181	50.33601014	52.55280523
1077	16.50821612	21.18828316	34.09352181	50.33601014	52.55280523
1078	16.50821612	21.18828316	34.09352181	50.33601014	52.55280523
1079	15.36210372	19.97879873	32.09812855	47.22388848	49.34955863
1080	15.36210372	19.97879873	32.09812855	47.22388848	49.34955863
1081	20.5768849	24.30074673	34.28125179	47.29826733	48.81197572
1082	34.6644316	36.35075801	45.29956635	55.31927826	58.14732424
1083	58.62315485	57.14755415	66.28964678	73.24409385	77.62029531
1084	58.62315485	57.14755415	66.28964678	73.24409385	77.62029531
1085	58.62315485	57.14755415	66.28964678	73.24409385	77.62029531
1086	58.62315485	57.14755415	66.28964678	73.24409385	77.62029531
1087	58.62315485	57.14755415	66.28964678	73.24409385	77.62029531
1088	58.62315485	57.14755415	66.28964678	73.24409385	77.62029531
1089	58.62315485	57.14755415	66.28964678	73.24409385	77.62029531
1090	58.62315485	57.14755415	66.28964678	73.24409385	77.62029531
1091	58.62315485	57.14755415	66.28964678	73.24409385	77.62029531
1092	58.62315485	57.14755415	66.28964678	73.24409385	77.62029531
1093	57.11520092	55.36414452	64.94644528	73.79365388	79.11692969
1094	57.11520092	55.36414452	64.94644528	73.79365388	79.11692969
1095	57.11520092	55.36414452	64.94644528	73.79365388	79.11692969
1096	57.11520092	55.36414452	64.94644528	73.79365388	79.11692969
1097	57.11520092	55.36414452	64.94644528	73.79365388	79.11692969
1098	57.11520092	55.36414452	64.94644528	73.79365388	79.11692969
1099	57.11520092	55.36414452	64.94644528	73.79365388	79.11692969
1100	57.11520092	55.36414452	64.94644528	73.79365388	79.11692969
1101	57.11520092	55.36414452	64.94644528	73.79365388	79.11692969
1102	57.11520092	55.36414452	64.94644528	73.79365388	79.11692969
1103	57.11520092	55.36414452	64.94644528	73.79365388	79.11692969
1104	57.11520092	55.36414452	64.94644528	73.79365388	79.11692969
1105	57.11520092	55.36414452	64.94644528	73.79365388	79.11692969
1106	NA	NA	NA	NA	NA
1107	NA	NA	NA	NA	NA
1108	NA	NA	NA	NA	NA
1109	12.64632349	17.26559302	17.00791488	19.5819316	20.999285
1110	12.64632349	17.26559302	17.00791488	19.5819316	20.999285
1111	11.47247833	17.05513427	15.65322253	18.6769082	18.38344711
1112	11.91731331	18.54820952	19.34101143	19.50142348	21.02024277
1113	11.91731331	18.54820952	19.34101143	19.50142348	21.02024277
1114	13.52307535	20.3451139	20.65837853	21.78307313	22.82301511
1115	13.12514424	19.54419112	19.80162687	21.72139426	22.56903392
1116	15.9123379	22.44300544	25.09069901	29.40737919	30.54567449
1117	15.9123379	22.44300544	25.09069901	29.40737919	30.54567449
1118	15.9123379	22.44300544	25.09069901	29.40737919	30.54567449
1119	15.9123379	22.44300544	25.09069901	29.40737919	30.54567449
1120	15.9123379	22.44300544	25.09069901	29.40737919	30.54567449
1121	15.9123379	22.44300544	25.09069901	29.40737919	30.54567449
1122	15.9123379	22.44300544	25.09069901	29.40737919	30.54567449
1123	15.9123379	22.44300544	25.09069901	29.40737919	30.54567449
1124	15.9123379	22.44300544	25.09069901	29.40737919	30.54567449
1125	15.9123379	22.44300544	25.09069901	29.40737919	30.54567449
1126	15.9123379	22.44300544	25.09069901	29.40737919	30.54567449
1127	15.9123379	22.44300544	25.09069901	29.40737919	30.54567449
1128	15.9123379	22.44300544	25.09069901	29.40737919	30.54567449
1129	15.9123379	22.44300544	25.09069901	29.40737919	30.54567449
1130	15.9123379	22.44300544	25.09069901	29.40737919	30.54567449
1131	15.9123379	22.44300544	25.09069901	29.40737919	30.54567449
1132	15.9123379	22.44300544	25.09069901	29.40737919	30.54567449
1133	29.42630641	36.5635961	49.23668492	61.31420462	63.4732887
1134	29.82996747	37.0699694	49.52120051	61.90452695	64.10796692
1135	29.82996747	37.0699694	49.52120051	61.90452695	64.10796692
1136	29.82996747	37.0699694	49.52120051	61.90452695	64.10796692
1137	32.87939209	40.52488096	55.04563056	68.64283499	71.20044322
1138	32.87939209	40.52488096	55.04563056	68.64283499	71.20044322
1139	32.87939209	40.52488096	55.04563056	68.64283499	71.20044322
1140	32.87939209	40.52488096	55.04563056	68.64283499	71.20044322
1141	32.87939209	40.52488096	55.04563056	68.64283499	71.20044322
1142	32.87939209	40.52488096	55.04563056	68.64283499	71.20044322
1143	32.87939209	40.52488096	55.04563056	68.64283499	71.20044322
1144	33.13608854	44.50257796	63.01479022	78.81569997	81.74920344
1145	36.0562	51.36591279	71.86297051	86.79362476	89.58909717
1146	36.0562	51.36591279	71.86297051	86.79362476	89.58909717
1147	45.31090496	66.82976209	87.63373942	99.32517039	101.2593985
1148	45.31090496	66.82976209	87.63373942	99.32517039	101.2593985
1149	45.31090496	66.82976209	87.63373942	99.32517039	101.2593985
1150	45.31090496	66.82976209	87.63373942	99.32517039	101.2593985
1151	45.31090496	66.82976209	87.63373942	99.32517039	101.2593985
1152	45.31090496	66.82976209	87.63373942	99.32517039	101.2593985
1153	45.31090496	66.82976209	87.63373942	99.32517039	101.2593985
1154	45.31090496	66.82976209	87.63373942	99.32517039	101.2593985
1155	NA	NA	NA	NA	NA
1156	NA	NA	NA	NA	NA
1157	NA	NA	NA	NA	NA
1158	NA	NA	NA	NA	NA
1159	9.9520423	13.19960142	9.261348569	10.27165851	7.843928546
1160	9.9520423	13.19960142	9.261348569	10.27165851	7.843928546
1161	9.9520423	13.19960142	9.261348569	10.27165851	7.843928546
1162	9.9520423	13.19960142	9.261348569	10.27165851	7.843928546
1163	9.9520423	13.19960142	9.261348569	10.27165851	7.843928546
1164	9.9520423	13.19960142	9.261348569	10.27165851	7.843928546
1165	9.9520423	13.19960142	9.261348569	10.27165851	7.843928546
1166	9.9520423	13.19960142	9.261348569	10.27165851	7.843928546
1167	9.9520423	13.19960142	9.261348569	10.27165851	7.843928546
1168	9.9520423	13.19960142	9.261348569	10.27165851	7.843928546
1169	9.9520423	13.19960142	9.261348569	10.27165851	7.843928546
1170	9.9520423	13.19960142	9.261348569	10.27165851	7.843928546
1171	9.9520423	13.19960142	9.261348569	10.27165851	7.843928546
1172	9.9520423	13.19960142	9.261348569	10.27165851	7.843928546
1173	12.47754044	24.88557575	46.76385428	58.06083526	58.47411022
1174	12.47754044	24.88557575	46.76385428	58.06083526	58.47411022
1175	22.51179507	31.75996169	58.56942354	73.61782983	76.53933296
1176	22.51179507	31.75996169	58.56942354	73.61782983	76.53933296
1177	22.51179507	31.75996169	58.56942354	73.61782983	76.53933296
1178	22.51179507	31.75996169	58.56942354	73.61782983	76.53933296
1179	19.3720704	23.24478768	38.08370964	50.12180025	54.24969001
1180	19.3720704	23.24478768	38.08370964	50.12180025	54.24969001
1181	19.3720704	23.24478768	38.08370964	50.12180025	54.24969001
1182	19.3720704	23.24478768	38.08370964	50.12180025	54.24969001
1183	19.3720704	23.24478768	38.08370964	50.12180025	54.24969001
1184	19.3720704	23.24478768	38.08370964	50.12180025	54.24969001
1185	16.18979881	19.70044939	31.9090286	42.78467752	46.76449435
1186	16.18979881	19.70044939	31.9090286	42.78467752	46.76449435
1187	14.20070919	16.99578148	28.60144862	38.03790216	40.96520508
1188	NA	NA	NA	NA	NA
1189	NA	NA	NA	NA	NA
1190	NA	NA	NA	NA	NA
1191	36.5371379	45.94494132	53.85976476	64.73617847	65.24020498
1192	38.16525959	51.51400876	58.61707345	71.74139783	70.24693574
1193	41.23080643	55.719807	62.40179841	74.93913478	73.82860818
1194	43.16982383	59.25390713	64.99755283	77.5876214	75.68433273
1195	44.75176655	64.65731461	68.55395991	81.79755723	79.56117815
1196	44.75176655	64.65731461	68.55395991	81.79755723	79.56117815
1197	44.75176655	64.65731461	68.55395991	81.79755723	79.56117815
1198	44.75176655	64.65731461	68.55395991	81.79755723	79.56117815
1199	44.75176655	64.65731461	68.55395991	81.79755723	79.56117815
1200	44.75176655	64.65731461	68.55395991	81.79755723	79.56117815
1201	44.75176655	64.65731461	68.55395991	81.79755723	79.56117815
1202	44.75176655	64.65731461	68.55395991	81.79755723	79.56117815
1203	44.75176655	64.65731461	68.55395991	81.79755723	79.56117815
1204	44.75176655	64.65731461	68.55395991	81.79755723	79.56117815
1205	44.75176655	64.65731461	68.55395991	81.79755723	79.56117815
1206	44.75176655	64.65731461	68.55395991	81.79755723	79.56117815
1207	44.75176655	64.65731461	68.55395991	81.79755723	79.56117815
1208	46.65376105	66.61762191	70.2530896	82.76094264	81.31091571
1209	NA	NA	NA	NA	NA
1210	NA	NA	NA	NA	NA
1211	NA	NA	NA	NA	NA
1212	76.95056108	86.77995069	98.51672587	100.1309683	100.0314632
1213	77.31399138	89.24621897	98.93899174	101.2269209	98.57409631
1214	76.42008555	88.86619185	97.48071588	100.3278805	97.30383665
1215	80.95035442	91.39742314	98.97235031	100.5685233	98.76936096
1216	80.95035442	91.39742314	98.97235031	100.5685233	98.76936096
1217	80.95035442	91.39742314	98.97235031	100.5685233	98.76936096
1218	80.95035442	91.39742314	98.97235031	100.5685233	98.76936096
1219	80.95035442	91.39742314	98.97235031	100.5685233	98.76936096
1220	80.95035442	91.39742314	98.97235031	100.5685233	98.76936096
1221	80.95035442	91.39742314	98.97235031	100.5685233	98.76936096
1222	80.95035442	91.39742314	98.97235031	100.5685233	98.76936096
1223	80.95035442	91.39742314	98.97235031	100.5685233	98.76936096
1224	80.95035442	91.39742314	98.97235031	100.5685233	98.76936096
1225	80.95035442	91.39742314	98.97235031	100.5685233	98.76936096
1226	80.95035442	91.39742314	98.97235031	100.5685233	98.76936096
1227	80.95035442	91.39742314	98.97235031	100.5685233	98.76936096
1228	80.95035442	91.39742314	98.97235031	100.5685233	98.76936096
1229	80.95035442	91.39742314	98.97235031	100.5685233	98.76936096
1230	80.95035442	91.39742314	98.97235031	100.5685233	98.76936096
1231	80.95035442	91.39742314	98.97235031	100.5685233	98.76936096
1232	6.893178951	12.52105956	6.936630896	14.85390982	15.07674478
1233	40.8542278	44.54894948	45.11868047	52.05899036	55.87783236
1234	40.8542278	44.54894948	45.11868047	52.05899036	55.87783236
1235	40.8542278	44.54894948	45.11868047	52.05899036	55.87783236
1236	40.8542278	44.54894948	45.11868047	52.05899036	55.87783236
1237	40.8542278	44.54894948	45.11868047	52.05899036	55.87783236
1238	40.8542278	44.54894948	45.11868047	52.05899036	55.87783236
1239	64.28060964	68.43693779	80.03651064	94.68349333	99.97052191
1240	58.89849861	64.08973992	76.66107921	93.20529497	98.89607641
1241	58.89849861	64.08973992	76.66107921	93.20529497	98.89607641
1242	58.89849861	64.08973992	76.66107921	93.20529497	98.89607641
1243	58.89849861	64.08973992	76.66107921	93.20529497	98.89607641
1244	53.59290593	59.92737342	74.44786227	94.51903633	99.63512857
1245	53.59290593	59.92737342	74.44786227	94.51903633	99.63512857
1246	53.59290593	59.92737342	74.44786227	94.51903633	99.63512857
1247	47.71163755	52.82399197	67.00924716	86.74774146	93.15563343
1248	47.71163755	52.82399197	67.00924716	86.74774146	93.15563343
1249	47.71163755	52.82399197	67.00924716	86.74774146	93.15563343
1250	47.5445053	50.71549525	63.85351686	81.0926594	88.08551994
1251	47.5445053	50.71549525	63.85351686	81.0926594	88.08551994
1252	30.0678324	31.51384762	44.69340183	63.43385687	73.71714798
1253	30.0678324	31.51384762	44.69340183	63.43385687	73.71714798
1254	30.0678324	31.51384762	44.69340183	63.43385687	73.71714798
1255	30.0678324	31.51384762	44.69340183	63.43385687	73.71714798
1256	30.0678324	31.51384762	44.69340183	63.43385687	73.71714798
1257	NA	NA	NA	NA	NA
1258	NA	NA	NA	NA	NA
1259	NA	NA	NA	NA	NA
1260	NA	NA	NA	NA	NA
1261	NA	NA	NA	NA	NA
1262	NA	NA	NA	NA	NA
1263	NA	NA	NA	NA	NA
1264	NA	NA	NA	NA	NA
1265	NA	NA	NA	NA	NA
1266	NA	NA	NA	NA	NA
1267	NA	NA	NA	NA	NA
1268	NA	NA	NA	NA	NA
1269	NA	NA	NA	NA	NA
1270	NA	NA	NA	NA	NA
1271	NA	NA	NA	NA	NA