"Residues"	"Expo10sec"	"Expo1min"	"Expo10min"	"Expo1hr"	"Expo2hrs"
"1"	973	93.5778781575	101.0981851375	94.084853935	97.9361110875	97.3183037175
"2"	974	93.5778781575	101.0981851375	94.084853935	97.9361110875	97.3183037175
"3"	975	88.730944272	97.232192732	92.693928174	97.89333304	96.982629246
"4"	976	88.730944272	97.232192732	92.693928174	97.89333304	96.982629246
"5"	977	88.730944272	97.232192732	92.693928174	97.89333304	96.982629246
"6"	978	88.730944272	97.232192732	92.693928174	97.89333304	96.982629246
"7"	979	88.730944272	97.232192732	92.693928174	97.89333304	96.982629246
"8"	980	88.730944272	97.232192732	92.693928174	97.89333304	96.982629246
"9"	981	93.5778781575	101.0981851375	94.084853935	97.9361110875	97.3183037175
"10"	982	93.5778781575	101.0981851375	94.084853935	97.9361110875	97.3183037175
"11"	983	93.5778781575	101.0981851375	94.084853935	97.9361110875	97.3183037175
"12"	984	90.89769431	100.02983665	94.6988148066667	98.2833642733333	98.1464547933333
"13"	985	90.89769431	100.02983665	94.6988148066667	98.2833642733333	98.1464547933333
"14"	986	73.294420365	88.886836015	91.01039027	95.9251435825	96.765527385
"15"	987	73.294420365	88.886836015	91.01039027	95.9251435825	96.765527385
"16"	988	73.294420365	88.886836015	91.01039027	95.9251435825	96.765527385
"17"	989	68.06711647	85.5029659166667	89.2530037833333	94.5237025766667	95.6601343466667
"18"	990	68.06711647	85.5029659166667	89.2530037833333	94.5237025766667	95.6601343466667
"19"	991	59.3040157	78.582253905	85.715305995	91.85017565	93.595447045
"20"	992	58.93074237	70.70909006	72.37888073	82.9146364	86.01697459
"21"	993	NA	NA	NA	NA	NA
"22"	994	25.35924245	30.41152743	42.81169778	62.444797525	67.5200523
"23"	995	47.6734820833333	53.35659286	60.7999002733333	74.4114236433333	79.0117024333333
"24"	996	47.6734820833333	53.35659286	60.7999002733333	74.4114236433333	79.0117024333333
"25"	997	47.6734820833333	53.35659286	60.7999002733333	74.4114236433333	79.0117024333333
"26"	998	47.6734820833333	53.35659286	60.7999002733333	74.4114236433333	79.0117024333333
"27"	999	47.6734820833333	53.35659286	60.7999002733333	74.4114236433333	79.0117024333333
"28"	1000	47.6734820833333	53.35659286	60.7999002733333	74.4114236433333	79.0117024333333
"29"	1001	47.6734820833333	53.35659286	60.7999002733333	74.4114236433333	79.0117024333333
"30"	1002	25.35924245	30.41152743	42.81169778	62.444797525	67.5200523
"31"	1003	15.09076069	19.90004363	30.86066773	50.92232983	56.16956684
"32"	1004	15.09076069	19.90004363	30.86066773	50.92232983	56.16956684
"33"	1005	15.09076069	19.90004363	30.86066773	50.92232983	56.16956684
"34"	1006	15.09076069	19.90004363	30.86066773	50.92232983	56.16956684
"35"	1007	37.203398915	45.54118218	51.891954255	67.2786949	71.37432086
"36"	1008	56.3153202766667	66.12204172	67.5958541433333	78.2140571333333	81.2068903733333
"37"	1009	56.3153202766667	66.12204172	67.5958541433333	78.2140571333333	81.2068903733333
"38"	1010	56.3153202766667	66.12204172	67.5958541433333	78.2140571333333	81.2068903733333
"39"	1011	76.92760007	89.233040765	85.96344735	91.859920785	93.72555214
"40"	1012	76.92760007	89.233040765	85.96344735	91.859920785	93.72555214
"41"	1013	76.92760007	89.233040765	85.96344735	91.859920785	93.72555214
"42"	1014	76.92760007	89.233040765	85.96344735	91.859920785	93.72555214
"43"	1015	59.31603714	71.18232073	72.92324078	83.63505997	86.57907488
"44"	1016	59.31603714	71.18232073	72.92324078	83.63505997	86.57907488
"45"	1017	NA	NA	NA	NA	NA
"46"	1018	NA	NA	NA	NA	NA
"47"	1019	NA	NA	NA	NA	NA
"48"	1020	NA	NA	NA	NA	NA
"49"	1021	NA	NA	NA	NA	NA
"50"	1022	51.45451443	59.45596692	62.1746264	70.03051735	68.21618347
"51"	1023	51.45451443	59.45596692	62.1746264	70.03051735	68.21618347
"52"	1024	54.581244905	63.7639952	70.171622155	78.74826405	76.369804565
"53"	1025	54.581244905	63.7639952	70.171622155	78.74826405	76.369804565
"54"	1026	54.581244905	63.7639952	70.171622155	78.74826405	76.369804565
"55"	1027	54.581244905	63.7639952	70.171622155	78.74826405	76.369804565
"56"	1028	54.581244905	63.7639952	70.171622155	78.74826405	76.369804565
"57"	1029	54.581244905	63.7639952	70.171622155	78.74826405	76.369804565
"58"	1030	40.76491082	48.55862335925	55.0399881325	65.2257655225	65.34696623
"59"	1031	40.76491082	48.55862335925	55.0399881325	65.2257655225	65.34696623
"60"	1032	40.76491082	48.55862335925	55.0399881325	65.2257655225	65.34696623
"61"	1033	40.76491082	48.55862335925	55.0399881325	65.2257655225	65.34696623
"62"	1034	40.76491082	48.55862335925	55.0399881325	65.2257655225	65.34696623
"63"	1035	40.76491082	48.55862335925	55.0399881325	65.2257655225	65.34696623
"64"	1036	40.76491082	48.55862335925	55.0399881325	65.2257655225	65.34696623
"65"	1037	37.7028366	44.619534069	52.9288706666667	62.8658550533333	62.4085703966667
"66"	1038	4.081680449	5.866085888	17.65575461	44.147124465	54.26319883
"67"	1039	4.081680449	5.866085888	17.65575461	44.147124465	54.26319883
"68"	1040	4.081680449	5.866085888	17.65575461	44.147124465	54.26319883
"69"	1041	4.081680449	5.866085888	17.65575461	44.147124465	54.26319883
"70"	1042	4.081680449	5.866085888	17.65575461	44.147124465	54.26319883
"71"	1043	4.081680449	5.866085888	17.65575461	44.147124465	54.26319883
"72"	1044	4.081680449	5.866085888	17.65575461	44.147124465	54.26319883
"73"	1045	26.5195698633333	34.8600859956667	50.7055219366667	63.7428865166667	67.56524509
"74"	1046	30.682788565	41.4238822628333	58.24818964	69.1921053316667	73.1806933366667
"75"	1047	36.03014228	48.442536354	66.20915403	76.810318986	80.919611592
"76"	1048	36.03014228	48.442536354	66.20915403	76.810318986	80.919611592
"77"	1049	36.03014228	48.442536354	66.20915403	76.810318986	80.919611592
"78"	1050	36.03014228	48.442536354	66.20915403	76.810318986	80.919611592
"79"	1051	36.03014228	48.442536354	66.20915403	76.810318986	80.919611592
"80"	1052	36.03014228	48.442536354	66.20915403	76.810318986	80.919611592
"81"	1053	35.7476903383333	48.0477411416667	65.0789101683333	76.47016408	80.3428812716667
"82"	1054	35.7476903383333	48.0477411416667	65.0789101683333	76.47016408	80.3428812716667
"83"	1055	33.5273106075	45.9920526825	63.271684435	74.9291137475	79.6433612825
"84"	1056	33.5273106075	45.9920526825	63.271684435	74.9291137475	79.6433612825
"85"	1057	33.5273106075	45.9920526825	63.271684435	74.9291137475	79.6433612825
"86"	1058	31.2302057166667	43.0877971966667	56.94548016	70.3927640066667	75.2615517866667
"87"	1059	31.9638684066667	43.33344626	54.2417421866667	68.5848991066667	73.71553464
"88"	1060	31.9638684066667	43.33344626	54.2417421866667	68.5848991066667	73.71553464
"89"	1061	31.9638684066667	43.33344626	54.2417421866667	68.5848991066667	73.71553464
"90"	1062	31.7255513775	43.22173057	53.88648853	68.114285935	73.3142730025
"91"	1063	31.7255513775	43.22173057	53.88648853	68.114285935	73.3142730025
"92"	1064	31.7255513775	43.22173057	53.88648853	68.114285935	73.3142730025
"93"	1065	31.7255513775	43.22173057	53.88648853	68.114285935	73.3142730025
"94"	1066	30.8555916266667	42.2710524	52.0394210866667	65.8959180633333	71.93262078
"95"	1067	30.8555916266667	42.2710524	52.0394210866667	65.8959180633333	71.93262078
"96"	1068	30.8555916266667	42.2710524	52.0394210866667	65.8959180633333	71.93262078
"97"	1069	30.8555916266667	42.2710524	52.0394210866667	65.8959180633333	71.93262078
"98"	1070	32.3306715625	36.19813121	41.5067167225	57.151628475	63.075086875
"99"	1071	35.3408084925	37.0449735225	41.3791880225	58.5972525325	64.28416682
"100"	1072	28.8554948084286	30.2672098314286	33.6212137285714	47.1907096714286	51.6208890242857
"101"	1073	25.739299632875	27.023939131875	30.0554374605	42.1544071145	46.230217453625
"102"	1074	23.9202237706667	25.276269645	28.2512732248889	39.5642084851111	43.4375576254444
"103"	1075	21.946529864	23.4083947946	27.5034507394	41.9338334126	47.6544666239
"104"	1076	21.946529864	23.4083947946	27.5034507394	41.9338334126	47.6544666239
"105"	1077	21.946529864	23.4083947946	27.5034507394	41.9338334126	47.6544666239
"106"	1078	21.946529864	23.4083947946	27.5034507394	41.9338334126	47.6544666239
"107"	1079	21.946529864	23.4083947946	27.5034507394	41.9338334126	47.6544666239
"108"	1080	15.1039347565556	16.4014330345556	21.1679359948889	34.3232464117778	39.4062647343333
"109"	1081	15.1039347565556	16.4014330345556	21.1679359948889	34.3232464117778	39.4062647343333
"110"	1082	11.562272241	12.6370270568333	18.2588541523333	31.871204011	37.5582136148333
"111"	1083	4.831585889	5.83646963025	12.624899706	26.7986183165	33.40426357225
"112"	1084	50.7917321145	51.8211298075	53.66187436	59.70389047	60.23656858
"113"	1085	50.7917321145	51.8211298075	53.66187436	59.70389047	60.23656858
"114"	1086	98.46260858	99.02228857	91.26421651	92.72688011	93.38479219
"115"	1087	98.46260858	99.02228857	91.26421651	92.72688011	93.38479219
"116"	1088	98.46260858	99.02228857	91.26421651	92.72688011	93.38479219
"117"	1089	98.46260858	99.02228857	91.26421651	92.72688011	93.38479219
"118"	1090	98.46260858	99.02228857	91.26421651	92.72688011	93.38479219
"119"	1091	98.46260858	99.02228857	91.26421651	92.72688011	93.38479219
"120"	1092	98.46260858	99.02228857	91.26421651	92.72688011	93.38479219
"121"	1093	98.46260858	99.02228857	91.26421651	92.72688011	93.38479219
"122"	1094	98.46260858	99.02228857	91.26421651	92.72688011	93.38479219
"123"	1095	98.46260858	99.02228857	91.26421651	92.72688011	93.38479219
"124"	1096	98.46260858	99.02228857	91.26421651	92.72688011	93.38479219
"125"	1097	98.46260858	99.02228857	91.26421651	92.72688011	93.38479219
"126"	1098	98.46260858	99.02228857	91.26421651	92.72688011	93.38479219
"127"	1099	NA	NA	NA	NA	NA
"128"	1100	43.45377801	54.97471637	55.02261898	67.80950322	68.45368771
"129"	1101	43.45377801	54.97471637	55.02261898	67.80950322	68.45368771
"130"	1102	43.45377801	54.97471637	55.02261898	67.80950322	68.45368771
"131"	1103	43.45377801	54.97471637	55.02261898	67.80950322	68.45368771
"132"	1104	43.45377801	54.97471637	55.02261898	67.80950322	68.45368771
"133"	1105	43.45377801	54.97471637	55.02261898	67.80950322	68.45368771
"134"	1106	43.45377801	54.97471637	55.02261898	67.80950322	68.45368771
"135"	1107	43.45377801	54.97471637	55.02261898	67.80950322	68.45368771
"136"	1108	43.45377801	54.97471637	55.02261898	67.80950322	68.45368771
"137"	1109	NA	NA	NA	NA	NA
"138"	1110	NA	NA	NA	NA	NA
"139"	1111	-0.453192867	1.605346061	6.305485023	20.14856636	29.17997483
"140"	1112	-0.453192867	1.605346061	6.305485023	20.14856636	29.17997483
"141"	1113	-0.453192867	1.605346061	6.305485023	20.14856636	29.17997483
"142"	1114	0.746526662	0.847315692666667	3.08872707033333	8.82184624666667	14.2605780523333
"143"	1115	0.746526662	0.847315692666667	3.08872707033333	8.82184624666667	14.2605780523333
"144"	1116	0.84139632825	0.70848244975	2.463935266	6.62876069325	10.89310815075
"145"	1117	0.84139632825	0.70848244975	2.463935266	6.62876069325	10.89310815075
"146"	1118	0.84139632825	0.70848244975	2.463935266	6.62876069325	10.89310815075
"147"	1119	1.0830714948	1.2663464288	5.6474896208	17.5451403306	24.1819125246
"148"	1120	1.0830714948	1.2663464288	5.6474896208	17.5451403306	24.1819125246
"149"	1121	1.0830714948	1.2663464288	5.6474896208	17.5451403306	24.1819125246
"150"	1122	3.3134002638	5.1738698792	16.0443375034	32.3984828126	39.5990012574
"151"	1123	3.682507535	6.1473127254	19.222313672	38.229285506	45.810850394
"152"	1124	3.682507535	6.1473127254	19.222313672	38.229285506	45.810850394
"153"	1125	3.7902647055	6.35634845633333	19.3087626333333	37.2195860433333	44.3156881766667
"154"	1126	4.1383632144	6.9280576786	19.494173752	32.421371476	37.711399808
"155"	1127	4.1383632144	6.9280576786	19.494173752	32.421371476	37.711399808
"156"	1128	4.1383632144	6.9280576786	19.494173752	32.421371476	37.711399808
"157"	1129	4.1383632144	6.9280576786	19.494173752	32.421371476	37.711399808
"158"	1130	4.1383632144	6.9280576786	19.494173752	32.421371476	37.711399808
"159"	1131	4.1383632144	6.9280576786	19.494173752	32.421371476	37.711399808
"160"	1132	4.1383632144	6.9280576786	19.494173752	32.421371476	37.711399808
"161"	1133	4.1383632144	6.9280576786	19.494173752	32.421371476	37.711399808
"162"	1134	4.1383632144	6.9280576786	19.494173752	32.421371476	37.711399808
"163"	1135	4.1383632144	6.9280576786	19.494173752	32.421371476	37.711399808
"164"	1136	4.1383632144	6.9280576786	19.494173752	32.421371476	37.711399808
"165"	1137	4.1383632144	6.9280576786	19.494173752	32.421371476	37.711399808
"166"	1138	4.1383632144	6.9280576786	19.494173752	32.421371476	37.711399808
"167"	1139	13.0130603212	17.8191764372	29.232262954	40.7814287	45.24014364
"168"	1140	13.0130603212	17.8191764372	29.232262954	40.7814287	45.24014364
"169"	1141	35.40607635175	45.74578007375	54.23001395	65.9075519775	70.2728464575
"170"	1142	44.994500664	58.293332446	64.961487088	79.33262274	84.603899472
"171"	1143	44.994500664	58.293332446	64.961487088	79.33262274	84.603899472
"172"	1144	44.442052615	57.5257306433333	66.0233128	79.9835487833333	85.381954555
"173"	1145	44.442052615	57.5257306433333	66.0233128	79.9835487833333	85.381954555
"174"	1146	44.6301636883333	57.1462330116667	64.156069875	78.40172153	83.79797839
"175"	1147	44.6301636883333	57.1462330116667	64.156069875	78.40172153	83.79797839
"176"	1148	48.9411140225	61.3525307	67.7851048375	80.1319270825	84.6005127925
"177"	1149	48.9411140225	61.3525307	67.7851048375	80.1319270825	84.6005127925
"178"	1150	48.9411140225	61.3525307	67.7851048375	80.1319270825	84.6005127925
"179"	1151	48.9411140225	61.3525307	67.7851048375	80.1319270825	84.6005127925
"180"	1152	48.9411140225	61.3525307	67.7851048375	80.1319270825	84.6005127925
"181"	1153	48.9411140225	61.3525307	67.7851048375	80.1319270825	84.6005127925
"182"	1154	51.3615479066667	63.9074670566667	66.60265933	79.0965097766667	83.0432737333334
"183"	1155	51.763240625	56.65833504	77.6845586	96.82810215	99.601308585
"184"	1156	49.37995053	55.3201407033333	77.99002398	97.5117384333333	99.6942102366667
"185"	1157	49.37995053	55.3201407033333	77.99002398	97.5117384333333	99.6942102366667
"186"	1158	50.927355525	56.7059639675	79.1966894475	97.7720252	99.4443716575
"187"	1159	50.927355525	56.7059639675	79.1966894475	97.7720252	99.4443716575
"188"	1160	50.927355525	56.7059639675	79.1966894475	97.7720252	99.4443716575
"189"	1161	50.927355525	56.7059639675	79.1966894475	97.7720252	99.4443716575
"190"	1162	50.927355525	56.7059639675	79.1966894475	97.7720252	99.4443716575
"191"	1163	58.8703995166667	65.4850316133333	77.3301630266667	92.24398751	92.5800550133333
"192"	1164	60.5215251233333	70.0990272466667	73.6831293533333	84.5576393666667	81.8667731666667
"193"	1165	60.5215251233333	70.0990272466667	73.6831293533333	84.5576393666667	81.8667731666667
"194"	1166	62.99750243	74.71682399	69.116351105	77.5600163	73.45273179
"195"	1167	62.99750243	74.71682399	69.116351105	77.5600163	73.45273179
"196"	1168	62.99750243	74.71682399	69.116351105	77.5600163	73.45273179
"197"	1169	62.99750243	74.71682399	69.116351105	77.5600163	73.45273179
"198"	1170	62.99750243	74.71682399	69.116351105	77.5600163	73.45273179
"199"	1171	62.99750243	74.71682399	69.116351105	77.5600163	73.45273179
"200"	1172	43.772067985	57.095655565	64.40390888	74.201668345	74.56317528
"201"	1173	35.07980806	48.33431997	67.3560845	77.28048503	82.54448533
"202"	1174	35.07980806	48.33431997	67.3560845	77.28048503	82.54448533
"203"	1175	35.07980806	48.33431997	67.3560845	77.28048503	82.54448533
"204"	1176	35.07980806	48.33431997	67.3560845	77.28048503	82.54448533
"205"	1177	35.07980806	48.33431997	67.3560845	77.28048503	82.54448533
"206"	1178	35.07980806	48.33431997	67.3560845	77.28048503	82.54448533
"207"	1179	35.07980806	48.33431997	67.3560845	77.28048503	82.54448533
"208"	1180	35.07980806	48.33431997	67.3560845	77.28048503	82.54448533
"209"	1181	35.07980806	48.33431997	67.3560845	77.28048503	82.54448533
"210"	1182	34.717633445	56.797312705	78.27606093	86.019943735	88.76325944
"211"	1183	34.717633445	56.797312705	78.27606093	86.019943735	88.76325944
"212"	1184	38.1944303366667	60.2260311266667	75.9576594866667	86.06892496	85.7411102866667
"213"	1185	29.63218033675	46.91312669875	61.780101475	72.71237203	73.529949845
"214"	1186	29.63218033675	46.91312669875	61.780101475	72.71237203	73.529949845
"215"	1187	29.63218033675	46.91312669875	61.780101475	72.71237203	73.529949845
"216"	1188	23.5473687334	35.784756005	44.744899532	58.84583624	61.30819593
"217"	1189	23.5473687334	35.784756005	44.744899532	58.84583624	61.30819593
"218"	1190	23.5473687334	35.784756005	44.744899532	58.84583624	61.30819593
"219"	1191	23.5473687334	35.784756005	44.744899532	58.84583624	61.30819593
"220"	1192	23.5473687334	35.784756005	44.744899532	58.84583624	61.30819593
"221"	1193	23.5473687334	35.784756005	44.744899532	58.84583624	61.30819593
"222"	1194	14.45973900525	21.3407280955	28.070795806	37.96678850375	39.32994436
"223"	1195	14.45973900525	21.3407280955	28.070795806	37.96678850375	39.32994436
"224"	1196	2.6940751555	3.901759271	10.319533477	16.7313855325	19.22058813
"225"	1197	2.6940751555	3.901759271	10.319533477	16.7313855325	19.22058813
"226"	1198	2.6940751555	3.901759271	10.319533477	16.7313855325	19.22058813
"227"	1199	2.6940751555	3.901759271	10.319533477	16.7313855325	19.22058813
"228"	1200	2.6940751555	3.901759271	10.319533477	16.7313855325	19.22058813
"229"	1201	3.945430337	6.974413415	19.24742744	32.64271324	36.89646852
"230"	1202	3.945430337	6.974413415	19.24742744	32.64271324	36.89646852
"231"	1203	3.945430337	6.974413415	19.24742744	32.64271324	36.89646852
"232"	1204	NA	NA	NA	NA	NA
"233"	1205	23.1187126	31.18382662	44.75908135	43.42937086	50.90386544
"234"	1206	23.1187126	31.18382662	44.75908135	43.42937086	50.90386544
"235"	1207	23.1187126	31.18382662	44.75908135	43.42937086	50.90386544
"236"	1208	23.1187126	31.18382662	44.75908135	43.42937086	50.90386544
"237"	1209	23.1187126	31.18382662	44.75908135	43.42937086	50.90386544
"238"	1210	23.1187126	31.18382662	44.75908135	43.42937086	50.90386544
"239"	1211	23.1187126	31.18382662	44.75908135	43.42937086	50.90386544
"240"	1212	23.1187126	31.18382662	44.75908135	43.42937086	50.90386544
"241"	1213	23.1187126	31.18382662	44.75908135	43.42937086	50.90386544
"242"	1214	NA	NA	NA	NA	NA
"243"	1215	NA	NA	NA	NA	NA
"244"	1216	NA	NA	NA	NA	NA
"245"	1217	49.46190676	63.38905956	67.47055391	81.79099661	88.51717551
"246"	1218	49.46190676	63.38905956	67.47055391	81.79099661	88.51717551
"247"	1219	49.46190676	63.38905956	67.47055391	81.79099661	88.51717551
"248"	1220	49.46190676	63.38905956	67.47055391	81.79099661	88.51717551
"249"	1221	49.46190676	63.38905956	67.47055391	81.79099661	88.51717551
"250"	1222	49.46190676	63.38905956	67.47055391	81.79099661	88.51717551
"251"	1223	49.46190676	63.38905956	67.47055391	81.79099661	88.51717551
"252"	1224	49.46190676	63.38905956	67.47055391	81.79099661	88.51717551
"253"	1225	49.46190676	63.38905956	67.47055391	81.79099661	88.51717551
"254"	1226	49.46190676	63.38905956	67.47055391	81.79099661	88.51717551
"255"	1227	49.46190676	63.38905956	67.47055391	81.79099661	88.51717551
"256"	1228	49.46190676	63.38905956	67.47055391	81.79099661	88.51717551
"257"	1229	49.46190676	63.38905956	67.47055391	81.79099661	88.51717551
"258"	1230	NA	NA	NA	NA	NA
"259"	1231	NA	NA	NA	NA	NA
"260"	1232	NA	NA	NA	NA	NA
"261"	1233	NA	NA	NA	NA	NA
"262"	1234	NA	NA	NA	NA	NA
"263"	1235	NA	NA	NA	NA	NA
"264"	1236	NA	NA	NA	NA	NA
"265"	1237	NA	NA	NA	NA	NA
"266"	1238	NA	NA	NA	NA	NA
"267"	1239	NA	NA	NA	NA	NA
"268"	1240	NA	NA	NA	NA	NA
"269"	1241	NA	NA	NA	NA	NA
"270"	1242	NA	NA	NA	NA	NA
"271"	1243	NA	NA	NA	NA	NA
"272"	1244	NA	NA	NA	NA	NA
"273"	1245	NA	NA	NA	NA	NA
"274"	1246	NA	NA	NA	NA	NA
"275"	1247	NA	NA	NA	NA	NA
"276"	1248	26.13044267	34.84320951	51.72886691	60.95531718	66.39347969
"277"	1249	26.13044267	34.84320951	51.72886691	60.95531718	66.39347969
"278"	1250	26.13044267	34.84320951	51.72886691	60.95531718	66.39347969
"279"	1251	26.13044267	34.84320951	51.72886691	60.95531718	66.39347969
"280"	1252	26.13044267	34.84320951	51.72886691	60.95531718	66.39347969
"281"	1253	26.13044267	34.84320951	51.72886691	60.95531718	66.39347969
"282"	1254	26.13044267	34.84320951	51.72886691	60.95531718	66.39347969
"283"	1255	26.13044267	34.84320951	51.72886691	60.95531718	66.39347969
"284"	1256	26.13044267	34.84320951	51.72886691	60.95531718	66.39347969
"285"	1257	26.13044267	34.84320951	51.72886691	60.95531718	66.39347969
"286"	1258	26.13044267	34.84320951	51.72886691	60.95531718	66.39347969
"287"	1259	26.13044267	34.84320951	51.72886691	60.95531718	66.39347969
"288"	1260	26.13044267	34.84320951	51.72886691	60.95531718	66.39347969
"289"	1261	26.13044267	34.84320951	51.72886691	60.95531718	66.39347969
"290"	1262	32.75821142	43.009739995	58.394265455	75.10800458	78.711932685
"291"	1263	32.75821142	43.009739995	58.394265455	75.10800458	78.711932685
"292"	1264	32.75821142	43.009739995	58.394265455	75.10800458	78.711932685
"293"	1265	67.35330983	79.94293324	82.46138729	95.39754679	96.77914114
"294"	1266	67.35330983	79.94293324	82.46138729	95.39754679	96.77914114
"295"	1267	67.35330983	79.94293324	82.46138729	95.39754679	96.77914114
"296"	1268	67.35330983	79.94293324	82.46138729	95.39754679	96.77914114
"297"	1269	67.35330983	79.94293324	82.46138729	95.39754679	96.77914114
"298"	1270	67.35330983	79.94293324	82.46138729	95.39754679	96.77914114
"299"	1271	95.32063949	108.709596	99.86311058	101.5344016	102.5278966
