Residues	Expo10sec	Expo1min	Expo10min	Expo1hr	Expo2hrs
978	NA	NA	NA	NA	NA
979	NA	NA	NA	NA	NA
980	NA	NA	NA	NA	NA
981	NA	NA	NA	NA	NA
982	NA	NA	NA	NA	NA
983	NA	NA	NA	NA	NA
984	NA	NA	NA	NA	NA
985	NA	NA	NA	NA	NA
986	NA	NA	NA	NA	NA
987	NA	NA	NA	NA	NA
988	NA	NA	NA	NA	NA
989	NA	NA	NA	NA	NA
990	NA	NA	NA	NA	NA
991	NA	NA	NA	NA	NA
992	NA	NA	NA	NA	NA
993	NA	NA	NA	NA	NA
994	NA	NA	NA	NA	NA
995	38.7200392	38.85740897	38.36459844	51.15653841	62.25104068
996	38.7200392	38.85740897	38.36459844	51.15653841	62.25104068
997	38.7200392	38.85740897	38.36459844	51.15653841	62.25104068
998	57.17255948	57.75039341	57.24947288	73.04338354	80.14396918
999	57.17255948	57.75039341	57.24947288	73.04338354	80.14396918
1000	57.17255948	57.75039341	57.24947288	73.04338354	80.14396918
1001	49.42962716	52.2310436	56.35743357	68.89243514	73.19029864
1002	49.42962716	52.2310436	56.35743357	68.89243514	73.19029864
1003	40.95365242	44.67391029	50.80498031	61.39466352	64.91374266
1004	31.02585867	35.74523404	43.87133067	54.48572023	57.46089909
1005	31.02585867	35.74523404	43.87133067	54.48572023	57.46089909
1006	31.02585867	35.74523404	43.87133067	54.48572023	57.46089909
1007	31.02585867	35.74523404	43.87133067	54.48572023	57.46089909
1008	31.02585867	35.74523404	43.87133067	54.48572023	57.46089909
1009	31.02585867	35.74523404	43.87133067	54.48572023	57.46089909
1010	31.02585867	35.74523404	43.87133067	54.48572023	57.46089909
1011	31.02585867	35.74523404	43.87133067	54.48572023	57.46089909
1012	31.02585867	35.74523404	43.87133067	54.48572023	57.46089909
1013	31.02585867	35.74523404	43.87133067	54.48572023	57.46089909
1014	31.02585867	35.74523404	43.87133067	54.48572023	57.46089909
1015	31.02585867	35.74523404	43.87133067	54.48572023	57.46089909
1016	31.02585867	35.74523404	43.87133067	54.48572023	57.46089909
1017	31.02585867	35.74523404	43.87133067	54.48572023	57.46089909
1018	34.70507485	41.59924672	49.62133811	59.86018636	62.32070328
1019	34.70507485	41.59924672	49.62133811	59.86018636	62.32070328
1020	34.70507485	41.59924672	49.62133811	59.86018636	62.32070328
1021	34.70507485	41.59924672	49.62133811	59.86018636	62.32070328
1022	37.17261768	45.15711839	55.21541558	58.04504448	60.23430251
1023	37.17261768	45.15711839	55.21541558	58.04504448	60.23430251
1024	37.17261768	45.15711839	55.21541558	58.04504448	60.23430251
1025	37.17261768	45.15711839	55.21541558	58.04504448	60.23430251
1026	37.17261768	45.15711839	55.21541558	58.04504448	60.23430251
1027	37.17261768	45.15711839	55.21541558	58.04504448	60.23430251
1028	37.17261768	45.15711839	55.21541558	58.04504448	60.23430251
1029	37.17261768	45.15711839	55.21541558	58.04504448	60.23430251
1030	39.96577524	49.51430209	67.83261159	72.77384597	75.90388654
1031	39.96577524	49.51430209	67.83261159	72.77384597	75.90388654
1032	39.96577524	49.51430209	67.83261159	72.77384597	75.90388654
1033	39.96577524	49.51430209	67.83261159	72.77384597	75.90388654
1034	39.96577524	49.51430209	67.83261159	72.77384597	75.90388654
1035	39.96577524	49.51430209	67.83261159	72.77384597	75.90388654
1036	37.05440846	47.13551562	69.60630792	75.72928581	79.34720596
1037	33.31061557	44.56229426	72.74717502	80.4658028	85.08469987
1038	33.31061557	44.56229426	72.74717502	80.4658028	85.08469987
1039	33.31061557	44.56229426	72.74717502	80.4658028	85.08469987
1040	2.019757078	4.346919211	25.26104881	80.68602724	99.27874027
1041	2.019757078	4.346919211	25.26104881	80.68602724	99.27874027
1042	2.019757078	4.346919211	25.26104881	80.68602724	99.27874027
1043	2.019757078	4.346919211	25.26104881	80.68602724	99.27874027
1044	2.019757078	4.346919211	25.26104881	80.68602724	99.27874027
1045	2.019757078	4.346919211	25.26104881	80.68602724	99.27874027
1046	14.34157163	16.58633356	29.5180147	43.37136261	52.11912659
1047	9.425056578	11.57465012	29.08606794	39.21691707	48.19102365
1048	9.425056578	11.57465012	29.08606794	39.21691707	48.19102365
1049	9.425056578	11.57465012	29.08606794	39.21691707	48.19102365
1050	9.425056578	11.57465012	29.08606794	39.21691707	48.19102365
1051	9.425056578	11.57465012	29.08606794	39.21691707	48.19102365
1052	9.425056578	11.57465012	29.08606794	39.21691707	48.19102365
1053	9.425056578	11.57465012	29.08606794	39.21691707	48.19102365
1054	9.425056578	11.57465012	29.08606794	39.21691707	48.19102365
1055	9.425056578	11.57465012	29.08606794	39.21691707	48.19102365
1056	9.425056578	11.57465012	29.08606794	39.21691707	48.19102365
1057	9.425056578	11.57465012	29.08606794	39.21691707	48.19102365
1058	16.61843001	26.41599615	49.45238637	56.8276933	59.81337369
1059	15.755707	26.26185257	46.32059645	53.9232333	56.27772908
1060	15.755707	26.26185257	46.32059645	53.9232333	56.27772908
1061	15.755707	26.26185257	46.32059645	53.9232333	56.27772908
1062	15.755707	26.26185257	46.32059645	53.9232333	56.27772908
1063	15.755707	26.26185257	46.32059645	53.9232333	56.27772908
1064	15.755707	26.26185257	46.32059645	53.9232333	56.27772908
1065	15.755707	26.26185257	46.32059645	53.9232333	56.27772908
1066	15.755707	26.26185257	46.32059645	53.9232333	56.27772908
1067	15.755707	26.26185257	46.32059645	53.9232333	56.27772908
1068	15.755707	26.26185257	46.32059645	53.9232333	56.27772908
1069	15.755707	26.26185257	46.32059645	53.9232333	56.27772908
1070	14.62340525	25.29077803	42.92688516	50.47359201	52.21977471
1071	39.53032869	46.87393741	54.21859661	57.87675536	62.16325249
1072	37.54424001	44.23722328	50.81138594	54.43604542	58.27991732
1073	37.52966799	43.54106644	49.37216315	52.9543148	56.65856678
1074	37.52966799	43.54106644	49.37216315	52.9543148	56.65856678
1075	37.52966799	43.54106644	49.37216315	52.9543148	56.65856678
1076	37.52966799	43.54106644	49.37216315	52.9543148	56.65856678
1077	37.52966799	43.54106644	49.37216315	52.9543148	56.65856678
1078	37.52966799	43.54106644	49.37216315	52.9543148	56.65856678
1079	37.52966799	43.54106644	49.37216315	52.9543148	56.65856678
1080	35.13776601	40.35225306	45.51711634	48.98501932	52.864737
1081	35.13776601	40.35225306	45.51711634	48.98501932	52.864737
1082	NA	NA	NA	NA	NA
1083	NA	NA	NA	NA	NA
1084	NA	NA	NA	NA	NA
1085	NA	NA	NA	NA	NA
1086	NA	NA	NA	NA	NA
1087	NA	NA	NA	NA	NA
1088	NA	NA	NA	NA	NA
1089	NA	NA	NA	NA	NA
1090	NA	NA	NA	NA	NA
1091	NA	NA	NA	NA	NA
1092	NA	NA	NA	NA	NA
1093	NA	NA	NA	NA	NA
1094	NA	NA	NA	NA	NA
1095	87.00011075	92.53703349	93.12496674	93.83269879	96.1880276
1096	88.06343787	93.80495744	93.70596287	95.06858105	97.22329058
1097	88.06343787	93.80495744	93.70596287	95.06858105	97.22329058
1098	88.06343787	93.80495744	93.70596287	95.06858105	97.22329058
1099	88.06343787	93.80495744	93.70596287	95.06858105	97.22329058
1100	88.06343787	93.80495744	93.70596287	95.06858105	97.22329058
1101	88.06343787	93.80495744	93.70596287	95.06858105	97.22329058
1102	88.06343787	93.80495744	93.70596287	95.06858105	97.22329058
1103	88.06343787	93.80495744	93.70596287	95.06858105	97.22329058
1104	88.06343787	93.80495744	93.70596287	95.06858105	97.22329058
1105	88.06343787	93.80495744	93.70596287	95.06858105	97.22329058
1106	88.06343787	93.80495744	93.70596287	95.06858105	97.22329058
1107	88.06343787	93.80495744	93.70596287	95.06858105	97.22329058
1108	88.06343787	93.80495744	93.70596287	95.06858105	97.22329058
1109	88.06343787	93.80495744	93.70596287	95.06858105	97.22329058
1110	88.06343787	93.80495744	93.70596287	95.06858105	97.22329058
1111	88.06343787	93.80495744	93.70596287	95.06858105	97.22329058
1112	58.70518416	62.44065408	62.48659359	63.72759776	65.7462492
1113	0.16479214	-0.231491786	-0.066396783	0.205105421	0.944102647
1114	0.16479214	-0.231491786	-0.066396783	0.205105421	0.944102647
1115	0.16479214	-0.231491786	-0.066396783	0.205105421	0.944102647
1116	0.16479214	-0.231491786	-0.066396783	0.205105421	0.944102647
1117	0.16479214	-0.231491786	-0.066396783	0.205105421	0.944102647
1118	1.714320574	0.903960416	1.445717639	0.928793655	1.371952512
1119	1.714320574	0.903960416	1.445717639	0.928793655	1.371952512
1120	1.714320574	0.903960416	1.445717639	0.928793655	1.371952512
1121	1.714320574	0.903960416	1.445717639	0.928793655	1.371952512
1122	3.879454073	5.294487234	8.890431067	10.66705986	11.34097949
1123	6.62078081	13.12939469	22.91353572	29.48958013	30.80661215
1124	9.268620905	22.59355184	39.57908014	49.07032712	50.98463922
1125	9.268620905	22.59355184	39.57908014	49.07032712	50.98463922
1126	9.268620905	22.59355184	39.57908014	49.07032712	50.98463922
1127	9.268620905	22.59355184	39.57908014	49.07032712	50.98463922
1128	9.268620905	22.59355184	39.57908014	49.07032712	50.98463922
1129	9.268620905	22.59355184	39.57908014	49.07032712	50.98463922
1130	9.280552783	10.19710069	10.43006083	12.10834727	13.95527495
1131	9.280552783	10.19710069	10.43006083	12.10834727	13.95527495
1132	9.280552783	10.19710069	10.43006083	12.10834727	13.95527495
1133	9.280552783	10.19710069	10.43006083	12.10834727	13.95527495
1134	9.280552783	10.19710069	10.43006083	12.10834727	13.95527495
1135	9.280552783	10.19710069	10.43006083	12.10834727	13.95527495
1136	9.280552783	10.19710069	10.43006083	12.10834727	13.95527495
1137	9.280552783	10.19710069	10.43006083	12.10834727	13.95527495
1138	1.761859146	1.92675472	2.332443713	3.712648183	5.075529077
1139	1.761859146	1.92675472	2.332443713	3.712648183	5.075529077
1140	24.26895347	28.08102373	31.95422289	37.09270827	40.57389327
1141	24.26895347	28.08102373	31.95422289	37.09270827	40.57389327
1142	58.97393977	69.0686701	77.27890452	83.73266837	87.66083922
1143	58.97393977	69.0686701	77.27890452	83.73266837	87.66083922
1144	58.97393977	69.0686701	77.27890452	83.73266837	87.66083922
1145	58.97393977	69.0686701	77.27890452	83.73266837	87.66083922
1146	58.97393977	69.0686701	77.27890452	83.73266837	87.66083922
1147	49.45423724	61.17619018	59.36014343	60.0941287	61.39107242
1148	49.45423724	61.17619018	59.36014343	60.0941287	61.39107242
1149	49.45423724	61.17619018	59.36014343	60.0941287	61.39107242
1150	49.45423724	61.17619018	59.36014343	60.0941287	61.39107242
1151	49.45423724	61.17619018	59.36014343	60.0941287	61.39107242
1152	49.45423724	61.17619018	59.36014343	60.0941287	61.39107242
1153	49.45423724	61.17619018	59.36014343	60.0941287	61.39107242
1154	49.45423724	61.17619018	59.36014343	60.0941287	61.39107242
1155	49.45423724	61.17619018	59.36014343	60.0941287	61.39107242
1156	59.53085801	72.8818489	93.55849329	99.34140177	100.6139673
1157	59.53085801	72.8818489	93.55849329	99.34140177	100.6139673
1158	59.53085801	72.8818489	93.55849329	99.34140177	100.6139673
1159	56.09702067	70.8088445	92.02107402	97.83475696	99.85724993
1160	56.09702067	70.8088445	92.02107402	97.83475696	99.85724993
1161	56.09702067	70.8088445	92.02107402	97.83475696	99.85724993
1162	56.09702067	70.8088445	92.02107402	97.83475696	99.85724993
1163	56.09702067	70.8088445	92.02107402	97.83475696	99.85724993
1164	61.08952516	71.15933848	86.0449979	94.8432701	98.63416677
1165	82.24793498	85.59261531	82.47340623	89.91287574	96.22093744
1166	82.24793498	85.59261531	82.47340623	89.91287574	96.22093744
1167	82.24793498	85.59261531	82.47340623	89.91287574	96.22093744
1168	82.24793498	85.59261531	82.47340623	89.91287574	96.22093744
1169	76.30305188	79.46918707	84.02631084	91.99179335	95.90667416
1170	76.30305188	79.46918707	84.02631084	91.99179335	95.90667416
1171	76.30305188	79.46918707	84.02631084	91.99179335	95.90667416
1172	76.30305188	79.46918707	84.02631084	91.99179335	95.90667416
1173	76.30305188	79.46918707	84.02631084	91.99179335	95.90667416
1174	39.25607016	42.89156483	58.95380353	65.51039042	71.25631228
1175	39.25607016	42.89156483	58.95380353	65.51039042	71.25631228
1176	39.25607016	42.89156483	58.95380353	65.51039042	71.25631228
1177	39.25607016	42.89156483	58.95380353	65.51039042	71.25631228
1178	39.25607016	42.89156483	58.95380353	65.51039042	71.25631228
1179	39.25607016	42.89156483	58.95380353	65.51039042	71.25631228
1180	39.25607016	42.89156483	58.95380353	65.51039042	71.25631228
1181	39.25607016	42.89156483	58.95380353	65.51039042	71.25631228
1182	39.25607016	42.89156483	58.95380353	65.51039042	71.25631228
1183	70.35816877	73.34575883	85.57921545	94.07071096	95.59241087
1184	70.35816877	73.34575883	85.57921545	94.07071096	95.59241087
1185	47.87409628	53.54494215	65.59115331	74.50312698	78.06505626
1186	47.87409628	53.54494215	65.59115331	74.50312698	78.06505626
1187	47.87409628	53.54494215	65.59115331	74.50312698	78.06505626
1188	47.87409628	53.54494215	65.59115331	74.50312698	78.06505626
1189	33.82286203	35.06285332	46.23223326	54.21851302	61.38972793
1190	33.82286203	35.06285332	46.23223326	54.21851302	61.38972793
1191	33.82286203	35.06285332	46.23223326	54.21851302	61.38972793
1192	33.82286203	35.06285332	46.23223326	54.21851302	61.38972793
1193	15.55520866	15.92140057	26.55874216	34.29241406	44.28838646
1194	15.55520866	15.92140057	26.55874216	34.29241406	44.28838646
1195	15.55520866	15.92140057	26.55874216	34.29241406	44.28838646
1196	15.55520866	15.92140057	26.55874216	34.29241406	44.28838646
1197	5.720393533	-1.901324328	7.514393158	13.64928512	28.03907127
1198	NA	NA	NA	NA	NA
1199	NA	NA	NA	NA	NA
1200	NA	NA	NA	NA	NA
1201	NA	NA	NA	NA	NA
1202	10.24335426	-19.20240854	3.606905866	-25.0347868	3.614388398
1203	10.24335426	-19.20240854	3.606905866	-25.0347868	3.614388398
1204	10.24335426	-19.20240854	3.606905866	-25.0347868	3.614388398
1205	10.24335426	-19.20240854	3.606905866	-25.0347868	3.614388398
1206	10.24335426	-19.20240854	3.606905866	-25.0347868	3.614388398
1207	10.24335426	-19.20240854	3.606905866	-25.0347868	3.614388398
1208	57.61854117	60.38380485	72.54785629	92.36698777	102.2946369
1209	57.61854117	60.38380485	72.54785629	92.36698777	102.2946369
1210	57.61854117	60.38380485	72.54785629	92.36698777	102.2946369
1211	57.61854117	60.38380485	72.54785629	92.36698777	102.2946369
1212	57.61854117	60.38380485	72.54785629	92.36698777	102.2946369
1213	57.61854117	60.38380485	72.54785629	92.36698777	102.2946369
1214	57.61854117	60.38380485	72.54785629	92.36698777	102.2946369
1215	57.61854117	60.38380485	72.54785629	92.36698777	102.2946369
1216	57.61854117	60.38380485	72.54785629	92.36698777	102.2946369
1217	57.61854117	60.38380485	72.54785629	92.36698777	102.2946369
1218	57.61854117	60.38380485	72.54785629	92.36698777	102.2946369
1219	NA	NA	NA	NA	NA
1220	NA	NA	NA	NA	NA
1221	NA	NA	NA	NA	NA
1222	NA	NA	NA	NA	NA
1223	37.64882881	48.75917317	70.40155851	78.0309647	81.28464065
1224	38.65927009	49.46689103	70.76863101	78.71814512	81.82764586
1225	38.65927009	49.46689103	70.76863101	78.71814512	81.82764586
1226	38.65927009	49.46689103	70.76863101	78.71814512	81.82764586
1227	38.65927009	49.46689103	70.76863101	78.71814512	81.82764586
1228	38.65927009	49.46689103	70.76863101	78.71814512	81.82764586
1229	38.65927009	49.46689103	70.76863101	78.71814512	81.82764586
1230	38.65927009	49.46689103	70.76863101	78.71814512	81.82764586
1231	38.65927009	49.46689103	70.76863101	78.71814512	81.82764586
1232	38.65927009	49.46689103	70.76863101	78.71814512	81.82764586
1233	38.65927009	49.46689103	70.76863101	78.71814512	81.82764586
1234	38.65927009	49.46689103	70.76863101	78.71814512	81.82764586
1235	49.49890054	63.08254302	78.9725572	83.92935025	86.61948212
1236	49.49890054	63.08254302	78.9725572	83.92935025	86.61948212
1237	49.49890054	63.08254302	78.9725572	83.92935025	86.61948212
1238	49.49890054	63.08254302	78.9725572	83.92935025	86.61948212
1239	49.49890054	63.08254302	78.9725572	83.92935025	86.61948212
1240	53.34984892	67.16615634	83.27564827	87.97195436	89.872277
1241	6.043330606	5.872034238	7.148130435	7.654693613	10.62622991
1242	6.043330606	5.872034238	7.148130435	7.654693613	10.62622991
1243	6.043330606	5.872034238	7.148130435	7.654693613	10.62622991
1244	4.451412751	4.163325937	5.054798107	5.470754703	7.419023276
1245	4.451412751	4.163325937	5.054798107	5.470754703	7.419023276
1246	4.451412751	4.163325937	5.054798107	5.470754703	7.419023276
1247	3.638122384	3.123145788	4.368933656	4.165292819	6.37283756
1248	12.32044734	14.03425653	16.93874967	19.7643009	21.08746853
1249	21.4198401	25.12605832	31.55187109	37.02447779	39.97657957
1250	21.4198401	25.12605832	31.55187109	37.02447779	39.97657957
1251	21.4198401	25.12605832	31.55187109	37.02447779	39.97657957
1252	21.4198401	25.12605832	31.55187109	37.02447779	39.97657957
1253	21.4198401	25.12605832	31.55187109	37.02447779	39.97657957
1254	21.4198401	25.12605832	31.55187109	37.02447779	39.97657957
1255	21.4198401	25.12605832	31.55187109	37.02447779	39.97657957
1256	21.4198401	25.12605832	31.55187109	37.02447779	39.97657957
1257	21.4198401	25.12605832	31.55187109	37.02447779	39.97657957
1258	21.4198401	25.12605832	31.55187109	37.02447779	39.97657957
1259	21.4198401	25.12605832	31.55187109	37.02447779	39.97657957
1260	21.4198401	25.12605832	31.55187109	37.02447779	39.97657957
1261	21.4198401	25.12605832	31.55187109	37.02447779	39.97657957
1262	21.4198401	25.12605832	31.55187109	37.02447779	39.97657957
1263	21.4198401	25.12605832	31.55187109	37.02447779	39.97657957
1264	21.4198401	25.12605832	31.55187109	37.02447779	39.97657957
1265	21.4198401	25.12605832	31.55187109	37.02447779	39.97657957
1266	NA	NA	NA	NA	NA
1267	NA	NA	NA	NA	NA
1268	NA	NA	NA	NA	NA
1269	NA	NA	NA	NA	NA
1270	NA	NA	NA	NA	NA
1271	NA	NA	NA	NA	NA